TermID	Term	Enrichment	logP	Genes in Term	Target Genes in Term	Fraction of Targets in Term	Total Target Genes	Total Genes	Entrez Gene IDs	Gene Symbols
PR01660	MCMPROTEIN4	0.00238216777267342	-6.03974437699727	1	1	0.0714285714285714	14	5877	17217	Mcm4
PR02073	FOLLICULNIP1	0.00475906526262161	-5.34770400342141	2	1	0.0714285714285714	14	5877	216742	Fnip1
PR00925	NONHISHMG17	0.00949709243380698	-4.65676958682071	4	1	0.0714285714285714	14	5877	94353	Hmgn3
PR00406	CYTB5RDTASE	0.0118582435841298	-4.43473199215302	5	1	0.0714285714285714	14	5877	266690	Cyb5r4
PR00363	CYTOCHROMEB5	0.0142141673901383	-4.25351610821943	6	1	0.0714285714285714	14	5877	266690	Cyb5r4
PR00195	DYNAMIN	0.0165648745366365	-4.10047081726219	7	1	0.0714285714285714	14	5877	13430	Dnm2
PR01162	ALPHATUBULIN	0.0165648745366365	-4.10047081726219	7	1	0.0714285714285714	14	5877	22142	Tuba1a
PR01657	MCMFAMILY	0.01891037568766	-3.96804452936687	8	1	0.0714285714285714	14	5877	17217	Mcm4
PR00109	TYRKINASE	0.0215650501518109	-3.83668132327358	97	2	0.142857142857143	14	5877	14183,13837	Fgfr2,Epha3
PR00171	SUGRTRNSPORT	0.0282405329264477	-3.56699699520202	12	1	0.0714285714285714	14	5877	239606	Slc2a13
PR00301	HEATSHOCK70	0.0305601633679455	-3.48805796888837	13	1	0.0714285714285714	14	5877	18415	Hspa4l
PR00254	NICOTINICR	0.0374882422076398	-3.28372793629967	16	1	0.0714285714285714	14	5877	11449	Chrng
PR01161	TUBULIN	0.0443703227274502	-3.11518444006694	19	1	0.0714285714285714	14	5877	22142	Tuba1a
PR00266	INTERFERONAB	0.0557390037890081	-2.88707512954933	24	1	0.0714285714285714	14	5877	15972	Ifna9
PR01248	TYPE1KERATIN	0.0714442789235987	-2.63883744886042	31	1	0.0714285714285714	14	5877	19132	Prph
PR00252	NRIONCHANNEL	0.0956346858860053	-2.34721970165379	42	1	0.0714285714285714	14	5877	11449	Chrng
PR00452	SH3DOMAIN	0.188629857776698	-1.66796860860508	87	1	0.0714285714285714	14	5877	13644	Efs
PR00348	UBIQUITIN	0.999999999985541	-1.44593644794603e-11	11	0	0	14	5877
PR01012	NRPEPTIDEYR	0.999999999985541	-1.44593644794603e-11	11	0	0	14	5877
PR01862	BCL2FAMILY	0.999999999985541	-1.44593644794603e-11	11	0	0	14	5877
PR00437	SMALLCYTKCXC	0.999999999985541	-1.44593644794603e-11	11	0	0	14	5877
PR00489	FRIZZLED	0.999999999985541	-1.44593644794603e-11	11	0	0	14	5877
PR01270	HDASUPER	0.999999999985541	-1.44593644794603e-11	11	0	0	14	5877
PR00895	PENTAXIN	0.999999999985541	-1.44593644794603e-11	11	0	0	14	5877
PR00620	HISTONEH2A	0.999999999992072	-7.92808013649156e-12	29	0	0	14	5877
PR00138	MATRIXIN	0.999999999992762	-7.23791956764027e-12	23	0	0	14	5877
PR00405	REVINTRACTNG	0.999999999992762	-7.23791956764027e-12	23	0	0	14	5877
PR00008	DAGPEDOMAIN	0.999999999992762	-7.23791956764027e-12	23	0	0	14	5877
PR00253	GABAARECEPTR	0.999999999992762	-7.23791956764027e-12	23	0	0	14	5877
PR00295	STEFINA	0.999999999994102	-5.89803591812453e-12	12	0	0	14	5877
PR00196	ANNEXIN	0.999999999994102	-5.89803591812453e-12	12	0	0	14	5877
PR00783	MINTRINSICP	0.999999999994102	-5.89803591812453e-12	12	0	0	14	5877
PR00321	GPROTEING	0.999999999994102	-5.89803591812453e-12	12	0	0	14	5877
PR00001	GLABLOOD	0.999999999994102	-5.89803591812453e-12	12	0	0	14	5877
PR00935	BAND41	0.999999999994981	-5.01852349682059e-12	24	0	0	14	5877
PR00289	DISINTEGRIN	0.999999999994981	-5.01852349682059e-12	24	0	0	14	5877
PR01857	ADAMTSFAMILY	0.999999999994981	-5.01852349682059e-12	24	0	0	14	5877
PR00401	SH2DOMAIN	0.999999999995232	-4.7683413781879e-12	70	0	0	14	5877
PR00722	CHYMOTRYPSIN	0.999999999996747	-3.25339436369268e-12	147	0	0	14	5877
PR00853	XPGRADSUPER	0.999999999997676	-2.32442791549064e-12	4	0	0	14	5877
PR00065	TEADOMAIN	0.999999999997676	-2.32442791549064e-12	4	0	0	14	5877
PR00220	SYNAPTOPHYSN	0.999999999997676	-2.32442791549064e-12	4	0	0	14	5877
PR00742	GLHYDRLASE35	0.999999999997676	-2.32442791549064e-12	4	0	0	14	5877
PR00113	ALKPHPHTASE	0.999999999997676	-2.32442791549064e-12	4	0	0	14	5877
PR00268	NGF	0.999999999997676	-2.32442791549064e-12	4	0	0	14	5877
PR00004	ANAPHYLATOXN	0.999999999997676	-2.32442791549064e-12	4	0	0	14	5877
PR01452	LNOTCHREPEAT	0.999999999997676	-2.32442791549064e-12	4	0	0	14	5877
PR01179	ODADCRBXLASE	0.999999999997676	-2.32442791549064e-12	4	0	0	14	5877
PR01573	SUPERTUBBY	0.999999999997676	-2.32442791549064e-12	4	0	0	14	5877
PR01626	LCACHANNELB	0.999999999997676	-2.32442791549064e-12	4	0	0	14	5877
PR01292	RETNOICACIDR	0.999999999997676	-2.32442791549064e-12	4	0	0	14	5877
PR00600	PP2APR55	0.999999999997676	-2.32442791549064e-12	4	0	0	14	5877
PR00342	RHESUSRHD	0.999999999997676	-2.32442791549064e-12	4	0	0	14	5877
PR00962	LETHAL2GIANT	0.999999999997676	-2.32442791549064e-12	4	0	0	14	5877
PR00309	ARRESTIN	0.999999999997676	-2.32442791549064e-12	4	0	0	14	5877
PR00805	ALPHACATENIN	0.999999999997676	-2.32442791549064e-12	4	0	0	14	5877
PR00384	OPIOIDR	0.999999999997676	-2.32442791549064e-12	4	0	0	14	5877
PR00928	GRAVESDC	0.999999999997676	-2.32442791549064e-12	4	0	0	14	5877
PR00085	THFDHDRGNASE	0.999999999997676	-2.32442791549064e-12	4	0	0	14	5877
PR00612	ALPHAHAEM	0.999999999997676	-2.32442791549064e-12	4	0	0	14	5877
PR00290	KAZALINHBTR	0.999999999997676	-2.32442791549064e-12	4	0	0	14	5877
PR01042	TRNASYNTHASP	0.999999999997676	-2.32442791549064e-12	4	0	0	14	5877
PR00422	TRANSFERRIN	0.999999999997676	-2.32442791549064e-12	4	0	0	14	5877
PR00860	MTVERTEBRATE	0.999999999997676	-2.32442791549064e-12	4	0	0	14	5877
PR00336	LYSASSOCTDMP	0.999999999997676	-2.32442791549064e-12	4	0	0	14	5877
PR00130	DNASEI	0.999999999997676	-2.32442791549064e-12	4	0	0	14	5877
PR00241	ANGIOTENSINR	0.999999999997676	-2.32442791549064e-12	4	0	0	14	5877
PR00075	FACDDSATRASE	0.999999999997676	-2.32442791549064e-12	4	0	0	14	5877
PR00466	GP91PHOX	0.999999999997676	-2.32442791549064e-12	4	0	0	14	5877
PR01768	TRPVRECEPTOR	0.999999999997676	-2.32442791549064e-12	4	0	0	14	5877
PR01910	ADSPHPHTASEB	0.999999999997676	-2.32442791549064e-12	4	0	0	14	5877
PR01175	VNEBNERGLAND	0.999999999997676	-2.32442791549064e-12	4	0	0	14	5877
PR00978	STARPROTEIN	0.999999999997676	-2.32442791549064e-12	4	0	0	14	5877
PR01081	KCLTRNSPORT	0.999999999997676	-2.32442791549064e-12	4	0	0	14	5877
PR00889	CALPONIN	0.999999999997676	-2.32442791549064e-12	4	0	0	14	5877
PR01823	JANUSKINASE	0.999999999997676	-2.32442791549064e-12	4	0	0	14	5877
PR00056	HSFDOMAIN	0.999999999997676	-2.32442791549064e-12	4	0	0	14	5877
PR00381	KINESINLIGHT	0.999999999997676	-2.32442791549064e-12	4	0	0	14	5877
PR00002	GLABONE	0.999999999997676	-2.32442791549064e-12	4	0	0	14	5877
PR00345	STATHMIN	0.999999999997676	-2.32442791549064e-12	4	0	0	14	5877
PR00041	LEUZIPPRCREB	0.999999999997676	-2.32442791549064e-12	4	0	0	14	5877
PR01695	IGHEPTARCPTR	0.999999999997676	-2.32442791549064e-12	4	0	0	14	5877
PR01316	GDNFRECEPTOR	0.999999999997676	-2.32442791549064e-12	4	0	0	14	5877
PR00194	TROPOMYOSIN	0.999999999997676	-2.32442791549064e-12	4	0	0	14	5877
PR00629	SHCPIDOMAIN	0.999999999997676	-2.32442791549064e-12	4	0	0	14	5877
PR00628	INSULINRSI	0.999999999997676	-2.32442791549064e-12	4	0	0	14	5877
PR01498	SHAWCHANNEL	0.999999999997676	-2.32442791549064e-12	4	0	0	14	5877
PR00255	NATPEPTIDER	0.999999999997676	-2.32442791549064e-12	4	0	0	14	5877
PR01773	P38MAPKINASE	0.999999999997676	-2.32442791549064e-12	4	0	0	14	5877
PR01673	GLYRALPHA	0.999999999997676	-2.32442791549064e-12	4	0	0	14	5877
PR01210	GGTRANSPTASE	0.999999999997676	-2.32442791549064e-12	4	0	0	14	5877
PR01130	DERENTRNSPRT	0.999999999997676	-2.32442791549064e-12	4	0	0	14	5877
PR01850	GROUCHOFAMLY	0.999999999997676	-2.32442791549064e-12	4	0	0	14	5877
PR00891	RABGDIREP	0.999999999997676	-2.32442791549064e-12	4	0	0	14	5877
PR00775	HEATSHOCK90	0.999999999997676	-2.32442791549064e-12	4	0	0	14	5877
PR00653	ACTIVIN2R	0.999999999997676	-2.32442791549064e-12	4	0	0	14	5877
PR01848	U2AUXFACTOR	0.999999999997676	-2.32442791549064e-12	4	0	0	14	5877
PR01867	BCL2RLATEDA1	0.999999999997676	-2.32442791549064e-12	4	0	0	14	5877
PR00869	DNAPOLX	0.999999999997676	-2.32442791549064e-12	4	0	0	14	5877
PR00306	SERUMAMYLOID	0.999999999997676	-2.32442791549064e-12	4	0	0	14	5877
PR00991	6PFRUCTKNASE	0.999999999997676	-2.32442791549064e-12	4	0	0	14	5877
PR01360	INTRLEUKIN1X	0.999999999997676	-2.32442791549064e-12	4	0	0	14	5877
PR01428	PROTEASEAR	0.999999999997676	-2.32442791549064e-12	4	0	0	14	5877
PR00959	MEVGALKINASE	0.999999999997676	-2.32442791549064e-12	4	0	0	14	5877
PR00442	GPROTEINAQ	0.999999999997676	-2.32442791549064e-12	4	0	0	14	5877
PR01630	LVDCCALPHA1	0.999999999997676	-2.32442791549064e-12	4	0	0	14	5877
PR00834	PROTEASES2C	0.999999999997676	-2.32442791549064e-12	4	0	0	14	5877
PR00428	PROSTAGLNDNR	0.999999999997676	-2.32442791549064e-12	4	0	0	14	5877
PR00622	HISTONEH3	0.999999999997676	-2.32442791549064e-12	4	0	0	14	5877
PR01271	HISDACETLASE	0.999999999997676	-2.32442791549064e-12	4	0	0	14	5877
PR01182	ORNDCRBXLASE	0.999999999997676	-2.32442791549064e-12	4	0	0	14	5877
PR00372	FYWHYDRXLASE	0.999999999997676	-2.32442791549064e-12	4	0	0	14	5877
PR00238	OPSIN	0.999999999997676	-2.32442791549064e-12	4	0	0	14	5877
PR00131	GLHYDRLASE1	0.999999999997676	-2.32442791549064e-12	4	0	0	14	5877
PR00263	HBGFFGF	0.999999999997694	-2.30592325478181e-12	17	0	0	14	5877
PR00153	CSAPPISMRASE	0.999999999997694	-2.30592325478181e-12	17	0	0	14	5877
PR00661	ERMFAMILY	0.999999999997694	-2.30592325478181e-12	17	0	0	14	5877
PR01367	BGCRYSTALLIN	0.999999999997694	-2.30592325478181e-12	17	0	0	14	5877
PR00399	SYNAPTOTAGMN	0.999999999997694	-2.30592325478181e-12	17	0	0	14	5877
PR00937	TBOX	0.999999999997694	-2.30592325478181e-12	17	0	0	14	5877
PR00827	FELALLERGEN	0.99999999999783	-2.16974657742637e-12	8	0	0	14	5877
PR00137	LYSOZYME	0.99999999999783	-2.16974657742637e-12	8	0	0	14	5877
PR01163	BETATUBULIN	0.99999999999783	-2.16974657742637e-12	8	0	0	14	5877
PR00219	SYNAPTOBREVN	0.99999999999783	-2.16974657742637e-12	8	0	0	14	5877
PR01788	PROSTANOIDR	0.99999999999783	-2.16974657742637e-12	8	0	0	14	5877
PR00593	MTABOTROPICR	0.99999999999783	-2.16974657742637e-12	8	0	0	14	5877
PR00676	MASPIN	0.99999999999783	-2.16974657742637e-12	8	0	0	14	5877
PR00299	ACRYSTALLIN	0.99999999999783	-2.16974657742637e-12	8	0	0	14	5877
PR01818	DESMOCADHERN	0.99999999999783	-2.16974657742637e-12	8	0	0	14	5877
PR00441	GPROTEINAI	0.99999999999783	-2.16974657742637e-12	8	0	0	14	5877
PR00310	ANTIPRLFBTG1	0.99999999999783	-2.16974657742637e-12	8	0	0	14	5877
PR01078	AMINACHANNEL	0.99999999999783	-2.16974657742637e-12	8	0	0	14	5877
PR01496	SHAKERCHANEL	0.99999999999783	-2.16974657742637e-12	8	0	0	14	5877
PR00961	HUDSXLRNA	0.99999999999783	-2.16974657742637e-12	8	0	0	14	5877
PR00619	GATAZNFINGER	0.99999999999783	-2.16974657742637e-12	8	0	0	14	5877
PR00003	4DISULPHCORE	0.99999999999783	-2.16974657742637e-12	8	0	0	14	5877
PR01686	EP450ICYP2D	0.99999999999783	-2.16974657742637e-12	8	0	0	14	5877
PR01689	EP450IICYP3A	0.99999999999783	-2.16974657742637e-12	8	0	0	14	5877
PR01097	TRNSRECEPTRP	0.99999999999783	-2.16974657742637e-12	8	0	0	14	5877
PR00042	LEUZIPPRFOS	0.99999999999783	-2.16974657742637e-12	8	0	0	14	5877
PR01347	EPHRIN	0.99999999999783	-2.16974657742637e-12	8	0	0	14	5877
PR00597	GELSOLIN	0.99999999999783	-2.16974657742637e-12	8	0	0	14	5877
PR01011	GLUTPROXDASE	0.99999999999783	-2.16974657742637e-12	8	0	0	14	5877
PR00504	CHROMODOMAIN	0.999999999997846	-2.15374672918098e-12	7	0	0	14	5877
PR00683	SPECTRINPH	0.999999999997846	-2.15374672918098e-12	7	0	0	14	5877
PR00846	GLHYDRLASE56	0.999999999997846	-2.15374672918098e-12	7	0	0	14	5877
PR01307	P2XRECEPTOR	0.999999999997846	-2.15374672918098e-12	7	0	0	14	5877
PR00467	MAMLPOXGNASE	0.999999999997846	-2.15374672918098e-12	7	0	0	14	5877
PR00173	EDTRNSPORT	0.999999999997846	-2.15374672918098e-12	7	0	0	14	5877
PR00094	ADENYLTKNASE	0.999999999997846	-2.15374672918098e-12	7	0	0	14	5877
PR02109	MRGPCRA	0.999999999997846	-2.15374672918098e-12	7	0	0	14	5877
PR00785	NCTRNSLOCATR	0.999999999997846	-2.15374672918098e-12	7	0	0	14	5877
PR01243	NUCDPKINASE	0.999999999997846	-2.15374672918098e-12	7	0	0	14	5877
PR00319	GPROTEINB	0.999999999997846	-2.15374672918098e-12	7	0	0	14	5877
PR00786	NEPRILYSIN	0.999999999997846	-2.15374672918098e-12	7	0	0	14	5877
PR00087	LIPOXYGENASE	0.999999999997846	-2.15374672918098e-12	7	0	0	14	5877
PR00305	1433ZETA	0.999999999997846	-2.15374672918098e-12	7	0	0	14	5877
PR01494	KV9CHANNEL	0.999999999997846	-2.15374672918098e-12	7	0	0	14	5877
PR01267	GSTRNSFRASEM	0.999999999997846	-2.15374672918098e-12	7	0	0	14	5877
PR01792	VDCCGAMMA	0.999999999997846	-2.15374672918098e-12	7	0	0	14	5877
PR00369	FLAVODOXIN	0.999999999997846	-2.15374672918098e-12	7	0	0	14	5877
PR02050	B14GALTRFASE	0.999999999997846	-2.15374672918098e-12	7	0	0	14	5877
PR00141	PROTEASOME	0.999999999997846	-2.15374672918098e-12	7	0	0	14	5877
PR00747	GLYHDRLASE47	0.999999999997846	-2.15374672918098e-12	7	0	0	14	5877
PR00689	ACOABINDINGP	0.999999999997846	-2.15374672918098e-12	7	0	0	14	5877
PR01688	EP450ICYP2J	0.999999999997846	-2.15374672918098e-12	7	0	0	14	5877
PR01684	EP450ICYP2A	0.999999999997846	-2.15374672918098e-12	7	0	0	14	5877
PR00837	V5TPXLIKE	0.999999999997997	-2.00259622894673e-12	14	0	0	14	5877
PR01333	2POREKCHANEL	0.999999999997997	-2.00259622894673e-12	14	0	0	14	5877
PR01908	ADSPHPHTASE	0.999999999997997	-2.00259622894673e-12	14	0	0	14	5877
PR00213	MYELINP0	0.999999999998114	-1.88583687124546e-12	6	0	0	14	5877
PR01173	ODORANTBNDNG	0.999999999998114	-1.88583687124546e-12	6	0	0	14	5877
PR01095	TASKCHANNEL	0.999999999998114	-1.88583687124546e-12	6	0	0	14	5877
PR01234	TNECROSISFCT	0.999999999998114	-1.88583687124546e-12	6	0	0	14	5877
PR01536	INTRLKN1R12F	0.999999999998114	-1.88583687124546e-12	6	0	0	14	5877
PR00814	BETAHAEM	0.999999999998114	-1.88583687124546e-12	6	0	0	14	5877
PR00970	RIBTRNSFRASE	0.999999999998114	-1.88583687124546e-12	6	0	0	14	5877
PR01266	GSTRNSFRASEA	0.999999999998114	-1.88583687124546e-12	6	0	0	14	5877
PR01282	COUPTNFACTOR	0.999999999998114	-1.88583687124546e-12	6	0	0	14	5877
PR00314	CLATHRINADPT	0.999999999998114	-1.88583687124546e-12	6	0	0	14	5877
PR01819	DESMOGLEIN	0.999999999998114	-1.88583687124546e-12	6	0	0	14	5877
PR00480	ASTACIN	0.999999999998114	-1.88583687124546e-12	6	0	0	14	5877
PR01685	EP450ICYP2B	0.999999999998114	-1.88583687124546e-12	6	0	0	14	5877
PR00373	GLYCHORMONER	0.999999999998114	-1.88583687124546e-12	6	0	0	14	5877
PR01232	NAHCO3TRSPRT	0.999999999998114	-1.88583687124546e-12	6	0	0	14	5877
PR00276	INSULINFAMLY	0.999999999998114	-1.88583687124546e-12	6	0	0	14	5877
PR00502	NUDIXFAMILY	0.999999999998114	-1.88583687124546e-12	6	0	0	14	5877
PR00717	GPCRKINASE	0.999999999998114	-1.88583687124546e-12	6	0	0	14	5877
PR00264	INTERLEUKIN1	0.999999999998114	-1.88583687124546e-12	6	0	0	14	5877
PR01433	POLYCYSTIN2	0.999999999998114	-1.88583687124546e-12	6	0	0	14	5877
PR01976	IGFBPFAMILY	0.999999999998114	-1.88583687124546e-12	6	0	0	14	5877
PR01472	ICAMVCAM1	0.999999999998114	-1.88583687124546e-12	6	0	0	14	5877
PR00120	HATPASE	0.999999999998114	-1.88583687124546e-12	6	0	0	14	5877
PR00766	CUDAOXIDASE	0.999999999998114	-1.88583687124546e-12	6	0	0	14	5877
PR02008	RCMTFAMILY	0.999999999998114	-1.88583687124546e-12	6	0	0	14	5877
PR01079	GABAARALPHA	0.999999999998114	-1.88583687124546e-12	6	0	0	14	5877
PR01206	ORPHTRNSPORT	0.999999999998114	-1.88583687124546e-12	6	0	0	14	5877
PR01407	BUTYPHLNCDUF	0.999999999998136	-1.86430540052164e-12	53	0	0	14	5877
PR00249	GPCRSECRETIN	0.99999999999835	-1.65034079439624e-12	40	0	0	14	5877
PR01035	TCRTETA	0.999999999998372	-1.62805843870515e-12	5	0	0	14	5877
PR00022	SOMATOMEDINB	0.999999999998372	-1.62805843870515e-12	5	0	0	14	5877
PR00057	NFKBTNSCPFCT	0.999999999998372	-1.62805843870515e-12	5	0	0	14	5877
PR00757	AMINEOXDASEF	0.999999999998372	-1.62805843870515e-12	5	0	0	14	5877
PR00300	CLPPROTEASEA	0.999999999998372	-1.62805843870515e-12	5	0	0	14	5877
PR00802	SERUMALBUMIN	0.999999999998372	-1.62805843870515e-12	5	0	0	14	5877
PR00050	COLDSHOCK	0.999999999998372	-1.62805843870515e-12	5	0	0	14	5877
PR00511	TEKTIN	0.999999999998372	-1.62805843870515e-12	5	0	0	14	5877
PR00896	VASOPRESSINR	0.999999999998372	-1.62805843870515e-12	5	0	0	14	5877
PR00404	MADSDOMAIN	0.999999999998372	-1.62805843870515e-12	5	0	0	14	5877
PR00784	MTUNCOUPLING	0.999999999998372	-1.62805843870515e-12	5	0	0	14	5877
PR00534	MCRFAMILY	0.999999999998372	-1.62805843870515e-12	5	0	0	14	5877
PR01523	S1PRECEPTOR	0.999999999998372	-1.62805843870515e-12	5	0	0	14	5877
PR01849	UBIQUITINACT	0.999999999998372	-1.62805843870515e-12	5	0	0	14	5877
PR01748	AP2TNSCPFCT	0.999999999998372	-1.62805843870515e-12	5	0	0	14	5877
PR00246	SOMATOSTATNR	0.999999999998372	-1.62805843870515e-12	5	0	0	14	5877
PR00086	LLDHDRGNASE	0.999999999998372	-1.62805843870515e-12	5	0	0	14	5877
PR00764	COMPLEMENTC9	0.999999999998372	-1.62805843870515e-12	5	0	0	14	5877
PR00546	THYROIDHORMR	0.999999999998372	-1.62805843870515e-12	5	0	0	14	5877
PR01932	INTRLEUKIN17	0.999999999998372	-1.62805843870515e-12	5	0	0	14	5877
PR00721	STOMATIN	0.999999999998372	-1.62805843870515e-12	5	0	0	14	5877
PR01909	ADSPHPHTASEA	0.999999999998372	-1.62805843870515e-12	5	0	0	14	5877
PR00074	LYSYLOXIDASE	0.999999999998372	-1.62805843870515e-12	5	0	0	14	5877
PR00391	PITRANSFER	0.999999999998372	-1.62805843870515e-12	5	0	0	14	5877
PR00626	CALRETICULIN	0.999999999998372	-1.62805843870515e-12	5	0	0	14	5877
PR00402	TECBTKDOMAIN	0.999999999998372	-1.62805843870515e-12	5	0	0	14	5877
PR00044	LEUZIPPRMYC	0.999999999998372	-1.62805843870515e-12	5	0	0	14	5877
PR00707	UBCTHYDRLASE	0.999999999998372	-1.62805843870515e-12	5	0	0	14	5877
PR00424	ADENOSINER	0.999999999998372	-1.62805843870515e-12	5	0	0	14	5877
PR01789	NUCFACTORATC	0.999999999998372	-1.62805843870515e-12	5	0	0	14	5877
PR00242	DOPAMINER	0.999999999998372	-1.62805843870515e-12	5	0	0	14	5877
PR00243	MUSCARINICR	0.999999999998372	-1.62805843870515e-12	5	0	0	14	5877
PR01884	MALPROTEIN	0.999999999998372	-1.62805843870515e-12	5	0	0	14	5877
PR00938	BRACHYURY	0.999999999998372	-1.62805843870515e-12	5	0	0	14	5877
PR01263	INTCLCHANNEL	0.999999999998372	-1.62805843870515e-12	5	0	0	14	5877
PR01453	EPMEMFAMILY	0.999999999998372	-1.62805843870515e-12	5	0	0	14	5877
PR01459	KCNQCHANNEL	0.999999999998372	-1.62805843870515e-12	5	0	0	14	5877
PR00633	RCCNDNSATION	0.999999999998656	-1.34436383446476e-12	16	0	0	14	5877
PR00315	ELONGATNFCT	0.999999999998656	-1.34436383446476e-12	16	0	0	14	5877
PR00318	GPROTEINA	0.999999999998656	-1.34436383446476e-12	16	0	0	14	5877
PR00657	CCCHEMOKINER	0.999999999998656	-1.34436383446476e-12	16	0	0	14	5877
PR00765	CRBOXYPTASEA	0.999999999998656	-1.34436383446476e-12	16	0	0	14	5877
PR00069	ALDKETRDTASE	0.999999999998656	-1.34436383446476e-12	16	0	0	14	5877
PR00169	KCHANNEL	0.9999999999998	-2.00113395874278e-13	34	0	0	14	5877
PR00320	GPROTEINBRPT	0.999999999999942	-5.81836660845862e-14	84	0	0	14	5877
PR00621	HISTONEH2B	1.00000000000016	1.64890924861334e-13	13	0	0	14	5877
PR00704	CALPAIN	1.00000000000016	1.64890924861334e-13	13	0	0	14	5877
PR00114	STPHPHTASE	1.00000000000016	1.64890924861334e-13	13	0	0	14	5877
PR00326	GTP1OBG	1.00000000000016	1.64890924861334e-13	13	0	0	14	5877
PR01463	EAGCHANLFMLY	1.00000000000016	1.64890924861334e-13	13	0	0	14	5877
PR00025	ANTENNAPEDIA	1.00000000000016	1.64890924861334e-13	13	0	0	14	5877
PR01491	KVCHANNEL	1.00000000000025	2.49392601297645e-13	27	0	0	14	5877
PR00259	TMFOUR	1.00000000000025	2.49392601297645e-13	27	0	0	14	5877
PR00380	KINESINHEAVY	1.0000000000003	3.00730215329797e-13	41	0	0	14	5877
PR00625	JDOMAIN	1.0000000000003	3.00730215329797e-13	41	0	0	14	5877
PR00926	MITOCARRIER	1.00000000000036	3.5516448209031e-13	26	0	0	14	5877
PR00454	ETSDOMAIN	1.00000000000036	3.5516448209031e-13	26	0	0	14	5877
PR01276	TYPE2KERATIN	1.00000000000036	3.5516448209031e-13	26	0	0	14	5877
PR00007	COMPLEMNTC1Q	1.00000000000036	3.5516448209031e-13	26	0	0	14	5877
PR00971	RIBOSOMALS10	1.00000000000074	7.3769853073391e-13	1	0	0	14	5877
PR01278	CD97PROTEIN	1.00000000000074	7.3769853073391e-13	1	0	0	14	5877
PR01678	KIR5CHANNEL	1.00000000000074	7.3769853073391e-13	1	0	0	14	5877
PR01811	ANNEXINXIII	1.00000000000074	7.3769853073391e-13	1	0	0	14	5877
PR01702	CD40LIGAND	1.00000000000074	7.3769853073391e-13	1	0	0	14	5877
PR01901	WIFPROTEIN	1.00000000000074	7.3769853073391e-13	1	0	0	14	5877
PR01925	MAMLNGFBETA	1.00000000000074	7.3769853073391e-13	1	0	0	14	5877
PR01890	PPNRPEPTIDEW	1.00000000000074	7.3769853073391e-13	1	0	0	14	5877
PR02062	CENTROSOME78	1.00000000000074	7.3769853073391e-13	1	0	0	14	5877
PR01580	KCNAB3CHANEL	1.00000000000074	7.3769853073391e-13	1	0	0	14	5877
PR00867	DNAPOLG	1.00000000000074	7.3769853073391e-13	1	0	0	14	5877
PR01521	OREXIN1R	1.00000000000074	7.3769853073391e-13	1	0	0	14	5877
PR01458	PMYELIN22	1.00000000000074	7.3769853073391e-13	1	0	0	14	5877
PR00613	MYOGLOBIN	1.00000000000074	7.3769853073391e-13	1	0	0	14	5877
PR00533	MASONCOGENE	1.00000000000074	7.3769853073391e-13	1	0	0	14	5877
PR01604	KCNE1CHANNEL	1.00000000000074	7.3769853073391e-13	1	0	0	14	5877
PR01443	TFIID30KDSUB	1.00000000000074	7.3769853073391e-13	1	0	0	14	5877
PR02018	AQUAPORIN6	1.00000000000074	7.3769853073391e-13	1	0	0	14	5877
PR01331	KIR61CHANNEL	1.00000000000074	7.3769853073391e-13	1	0	0	14	5877
PR01148	EDG2RECEPTOR	1.00000000000074	7.3769853073391e-13	1	0	0	14	5877
PR01777	INTERFERONGR	1.00000000000074	7.3769853073391e-13	1	0	0	14	5877
PR01980	IGFBPFAMILY4	1.00000000000074	7.3769853073391e-13	1	0	0	14	5877
PR01985	NOTCH2	1.00000000000074	7.3769853073391e-13	1	0	0	14	5877
PR02113	MRGPCRH	1.00000000000074	7.3769853073391e-13	1	0	0	14	5877
PR01529	CHEMOKINER6	1.00000000000074	7.3769853073391e-13	1	0	0	14	5877
PR01115	CLCHANNEL4	1.00000000000074	7.3769853073391e-13	1	0	0	14	5877
PR01881	LBHPROTEIN	1.00000000000074	7.3769853073391e-13	1	0	0	14	5877
PR02077	PROTEINGAPT	1.00000000000074	7.3769853073391e-13	1	0	0	14	5877
PR00517	5HT2CRECEPTR	1.00000000000074	7.3769853073391e-13	1	0	0	14	5877
PR01155	VIP2RECEPTOR	1.00000000000074	7.3769853073391e-13	1	0	0	14	5877
PR01894	WNT14PROTEIN	1.00000000000074	7.3769853073391e-13	1	0	0	14	5877
PR01154	VIP1RECEPTOR	1.00000000000074	7.3769853073391e-13	1	0	0	14	5877
PR01409	TCELLCD5	1.00000000000074	7.3769853073391e-13	1	0	0	14	5877
PR01456	EPMEMPROT3	1.00000000000074	7.3769853073391e-13	1	0	0	14	5877
PR01052	MTABOTROPC2R	1.00000000000074	7.3769853073391e-13	1	0	0	14	5877
PR01431	TUBERIN	1.00000000000074	7.3769853073391e-13	1	0	0	14	5877
PR00650	GPR12ORPHANR	1.00000000000074	7.3769853073391e-13	1	0	0	14	5877
PR01513	KV16CHANNEL	1.00000000000074	7.3769853073391e-13	1	0	0	14	5877
PR01826	JANUSKINASE3	1.00000000000074	7.3769853073391e-13	1	0	0	14	5877
PR01992	GPR153	1.00000000000074	7.3769853073391e-13	1	0	0	14	5877
PR00073	COPRGNOXDASE	1.00000000000074	7.3769853073391e-13	1	0	0	14	5877
PR01871	ANNEXINVII	1.00000000000074	7.3769853073391e-13	1	0	0	14	5877
PR01286	NORNUCRECPTR	1.00000000000074	7.3769853073391e-13	1	0	0	14	5877
PR01812	ANNEXINXXXI	1.00000000000074	7.3769853073391e-13	1	0	0	14	5877
PR00642	EDG1RECEPTOR	1.00000000000074	7.3769853073391e-13	1	0	0	14	5877
PR00818	ISLETAMYLOID	1.00000000000074	7.3769853073391e-13	1	0	0	14	5877
PR01085	NAHEXCHNGR1	1.00000000000074	7.3769853073391e-13	1	0	0	14	5877
PR00570	ENDOTHELINAR	1.00000000000074	7.3769853073391e-13	1	0	0	14	5877
PR00652	5HT7RECEPTR	1.00000000000074	7.3769853073391e-13	1	0	0	14	5877
PR01202	DOPTRANSPORT	1.00000000000074	7.3769853073391e-13	1	0	0	14	5877
PR01096	TWIK1CHANNEL	1.00000000000074	7.3769853073391e-13	1	0	0	14	5877
PR01817	BACE2	1.00000000000074	7.3769853073391e-13	1	0	0	14	5877
PR01016	NRPEPTIDEY5R	1.00000000000074	7.3769853073391e-13	1	0	0	14	5877
PR00139	ASNGLNASE	1.00000000000074	7.3769853073391e-13	1	0	0	14	5877
PR01224	DELTATUBULIN	1.00000000000074	7.3769853073391e-13	1	0	0	14	5877
PR01317	GDNFRALPHA1	1.00000000000074	7.3769853073391e-13	1	0	0	14	5877
PR01246	RAD1REPAIR	1.00000000000074	7.3769853073391e-13	1	0	0	14	5877
PR01325	KIR22CHANNEL	1.00000000000074	7.3769853073391e-13	1	0	0	14	5877
PR01117	CLCHANNEL6	1.00000000000074	7.3769853073391e-13	1	0	0	14	5877
PR01462	KCNQ3CHANNEL	1.00000000000074	7.3769853073391e-13	1	0	0	14	5877
PR00435	INTERLEUKIN7	1.00000000000074	7.3769853073391e-13	1	0	0	14	5877
PR01700	CD34ANTIGEN	1.00000000000074	7.3769853073391e-13	1	0	0	14	5877
PR00651	5HT2BRECEPTR	1.00000000000074	7.3769853073391e-13	1	0	0	14	5877
PR01518	KV43CHANNEL	1.00000000000074	7.3769853073391e-13	1	0	0	14	5877
PR01147	GPR4RECEPTOR	1.00000000000074	7.3769853073391e-13	1	0	0	14	5877
PR01311	P2X4RECEPTOR	1.00000000000074	7.3769853073391e-13	1	0	0	14	5877
PR01420	GALANIN3R	1.00000000000074	7.3769853073391e-13	1	0	0	14	5877
PR01794	VDCCGAMMA6	1.00000000000074	7.3769853073391e-13	1	0	0	14	5877
PR01611	LIMPII	1.00000000000074	7.3769853073391e-13	1	0	0	14	5877
PR01731	LYMPHOTACTIN	1.00000000000074	7.3769853073391e-13	1	0	0	14	5877
PR01055	MTABOTROPC5R	1.00000000000074	7.3769853073391e-13	1	0	0	14	5877
PR01834	VEGFRECEPTR2	1.00000000000074	7.3769853073391e-13	1	0	0	14	5877
PR02025	AQUAPORIN12	1.00000000000074	7.3769853073391e-13	1	0	0	14	5877
PR01294	INTRLEUKIN10	1.00000000000074	7.3769853073391e-13	1	0	0	14	5877
PR02064	DONSON	1.00000000000074	7.3769853073391e-13	1	0	0	14	5877
PR00270	CALCITONINA	1.00000000000074	7.3769853073391e-13	1	0	0	14	5877
PR02021	AQUAPORIN9	1.00000000000074	7.3769853073391e-13	1	0	0	14	5877
PR01471	HISTAMINEH3R	1.00000000000074	7.3769853073391e-13	1	0	0	14	5877
PR00339	PCNACYCLIN	1.00000000000074	7.3769853073391e-13	1	0	0	14	5877
PR01962	TNFACTORR12	1.00000000000074	7.3769853073391e-13	1	0	0	14	5877
PR00693	GMCSFACTOR	1.00000000000074	7.3769853073391e-13	1	0	0	14	5877
PR01584	TASK1CHANNEL	1.00000000000074	7.3769853073391e-13	1	0	0	14	5877
PR01138	CONNEXINB1	1.00000000000074	7.3769853073391e-13	1	0	0	14	5877
PR00745	GLHYDRLASE39	1.00000000000074	7.3769853073391e-13	1	0	0	14	5877
PR00093	URICASE	1.00000000000074	7.3769853073391e-13	1	0	0	14	5877
PR01883	LEUKAEMIAIF	1.00000000000074	7.3769853073391e-13	1	0	0	14	5877
PR01309	P2X2RECEPTOR	1.00000000000074	7.3769853073391e-13	1	0	0	14	5877
PR01833	VEGFRECEPTR1	1.00000000000074	7.3769853073391e-13	1	0	0	14	5877
PR01922	TNFACTORR5	1.00000000000074	7.3769853073391e-13	1	0	0	14	5877
PR01942	NTKRECEPTOR3	1.00000000000074	7.3769853073391e-13	1	0	0	14	5877
PR00066	XRODRMPGMNTG	1.00000000000074	7.3769853073391e-13	1	0	0	14	5877
PR00062	RIBOSOMALL20	1.00000000000074	7.3769853073391e-13	1	0	0	14	5877
PR02043	CANCERSCCP1	1.00000000000074	7.3769853073391e-13	1	0	0	14	5877
PR01060	C3ANPHYLTXNR	1.00000000000074	7.3769853073391e-13	1	0	0	14	5877
PR00595	P2Y1PRNOCPTR	1.00000000000074	7.3769853073391e-13	1	0	0	14	5877
PR01726	HISTAMINEH4R	1.00000000000074	7.3769853073391e-13	1	0	0	14	5877
PR01751	AP2CTNSCPFCT	1.00000000000074	7.3769853073391e-13	1	0	0	14	5877
PR01762	DISHEVELLED2	1.00000000000074	7.3769853073391e-13	1	0	0	14	5877
PR00070	DHFR	1.00000000000074	7.3769853073391e-13	1	0	0	14	5877
PR01219	APOLIPOPROTD	1.00000000000074	7.3769853073391e-13	1	0	0	14	5877
PR00712	BNATPEPTIDE	1.00000000000074	7.3769853073391e-13	1	0	0	14	5877
PR01139	CONNEXINB2	1.00000000000074	7.3769853073391e-13	1	0	0	14	5877
PR01405	TETRPHPHTASE	1.00000000000074	7.3769853073391e-13	1	0	0	14	5877
PR01675	GLYRALPHA2	1.00000000000074	7.3769853073391e-13	1	0	0	14	5877
PR01502	UXTPROTEIN	1.00000000000074	7.3769853073391e-13	1	0	0	14	5877
PR00240	ADRENRGCA1DR	1.00000000000074	7.3769853073391e-13	1	0	0	14	5877
PR01627	LCACHANNELB1	1.00000000000074	7.3769853073391e-13	1	0	0	14	5877
PR01457	LENSMEMPROT	1.00000000000074	7.3769853073391e-13	1	0	0	14	5877
PR00932	AMINO1PTASE	1.00000000000074	7.3769853073391e-13	1	0	0	14	5877
PR01051	MTABOTROPC1R	1.00000000000074	7.3769853073391e-13	1	0	0	14	5877
PR01034	RIBOSOMALS12	1.00000000000074	7.3769853073391e-13	1	0	0	14	5877
PR00536	MELNOCYTESHR	1.00000000000074	7.3769853073391e-13	1	0	0	14	5877
PR00493	BRSTCANCERI	1.00000000000074	7.3769853073391e-13	1	0	0	14	5877
PR01941	NTKRECEPTOR2	1.00000000000074	7.3769853073391e-13	1	0	0	14	5877
PR01131	CONNEXIN36	1.00000000000074	7.3769853073391e-13	1	0	0	14	5877
PR01195	GAT1TRNSPORT	1.00000000000074	7.3769853073391e-13	1	0	0	14	5877
PR01328	KIR32CHANNEL	1.00000000000074	7.3769853073391e-13	1	0	0	14	5877
PR02090	HAUSAUGMINL4	1.00000000000074	7.3769853073391e-13	1	0	0	14	5877
PR01447	CLAUDIN16	1.00000000000074	7.3769853073391e-13	1	0	0	14	5877
PR01122	FMOXYGENASE2	1.00000000000074	7.3769853073391e-13	1	0	0	14	5877
PR01569	P2Y12PRNCPTR	1.00000000000074	7.3769853073391e-13	1	0	0	14	5877
PR01212	ASYNUCLEIN	1.00000000000074	7.3769853073391e-13	1	0	0	14	5877
PR01979	IGFBPFAMILY3	1.00000000000074	7.3769853073391e-13	1	0	0	14	5877
PR00344	BCTRLSENSOR	1.00000000000074	7.3769853073391e-13	1	0	0	14	5877
PR00692	CD4TCANTIGEN	1.00000000000074	7.3769853073391e-13	1	0	0	14	5877
PR00979	TAFAZZIN	1.00000000000074	7.3769853073391e-13	1	0	0	14	5877
PR01290	PROXISOMPABR	1.00000000000074	7.3769853073391e-13	1	0	0	14	5877
PR01791	REGUCALCIN	1.00000000000074	7.3769853073391e-13	1	0	0	14	5877
PR01378	CLAUDIN3	1.00000000000074	7.3769853073391e-13	1	0	0	14	5877
PR00826	FANCONIAGENE	1.00000000000074	7.3769853073391e-13	1	0	0	14	5877
PR01750	AP2BTNSCPFCT	1.00000000000074	7.3769853073391e-13	1	0	0	14	5877
PR01645	TRPCHANNEL4	1.00000000000074	7.3769853073391e-13	1	0	0	14	5877
PR01515	KV22CHANNEL	1.00000000000074	7.3769853073391e-13	1	0	0	14	5877
PR01769	VRL2RECEPTOR	1.00000000000074	7.3769853073391e-13	1	0	0	14	5877
PR01895	WNT16PROTEIN	1.00000000000074	7.3769853073391e-13	1	0	0	14	5877
PR02102	PROTEININCA1	1.00000000000074	7.3769853073391e-13	1	0	0	14	5877
PR00198	ANNEXINII	1.00000000000074	7.3769853073391e-13	1	0	0	14	5877
PR01749	AP2ATNSCPFCT	1.00000000000074	7.3769853073391e-13	1	0	0	14	5877
PR01445	CLAUDIN6	1.00000000000074	7.3769853073391e-13	1	0	0	14	5877
PR01025	NEUROKININ2R	1.00000000000074	7.3769853073391e-13	1	0	0	14	5877
PR02049	PROTEINF36A	1.00000000000074	7.3769853073391e-13	1	0	0	14	5877
PR00560	ADRENRGCA2CR	1.00000000000074	7.3769853073391e-13	1	0	0	14	5877
PR00908	THROMBINR	1.00000000000074	7.3769853073391e-13	1	0	0	14	5877
PR01963	TNFACTORR13B	1.00000000000074	7.3769853073391e-13	1	0	0	14	5877
PR01986	NOTCH3	1.00000000000074	7.3769853073391e-13	1	0	0	14	5877
PR01876	MTG8PROTEIN	1.00000000000074	7.3769853073391e-13	1	0	0	14	5877
PR00616	CCAATSUBUNTB	1.00000000000074	7.3769853073391e-13	1	0	0	14	5877
PR00641	CHEMOKINER7	1.00000000000074	7.3769853073391e-13	1	0	0	14	5877
PR01245	RAD1REC1	1.00000000000074	7.3769853073391e-13	1	0	0	14	5877
PR01382	CLAUDIN9	1.00000000000074	7.3769853073391e-13	1	0	0	14	5877
PR01461	KCNQ2CHANNEL	1.00000000000074	7.3769853073391e-13	1	0	0	14	5877
PR01141	CONNEXINB4	1.00000000000074	7.3769853073391e-13	1	0	0	14	5877
PR00202	ANNEXINVI	1.00000000000074	7.3769853073391e-13	1	0	0	14	5877
PR01043	TRNASYNTHGLY	1.00000000000074	7.3769853073391e-13	1	0	0	14	5877
PR01073	PRESENILIN1	1.00000000000074	7.3769853073391e-13	1	0	0	14	5877
PR01816	BACE1	1.00000000000074	7.3769853073391e-13	1	0	0	14	5877
PR02017	AQUAPORIN5	1.00000000000074	7.3769853073391e-13	1	0	0	14	5877
PR00804	VITAMNDBNDNG	1.00000000000074	7.3769853073391e-13	1	0	0	14	5877
PR00108	THYMDSNTHASE	1.00000000000074	7.3769853073391e-13	1	0	0	14	5877
PR01897	TAP2PROTEIN	1.00000000000074	7.3769853073391e-13	1	0	0	14	5877
PR00816	ZETAHAEM	1.00000000000074	7.3769853073391e-13	1	0	0	14	5877
PR00204	BETAAMYLOID	1.00000000000074	7.3769853073391e-13	1	0	0	14	5877
PR01480	NEUROTENSN1R	1.00000000000074	7.3769853073391e-13	1	0	0	14	5877
PR01430	PROTEASEAR4	1.00000000000074	7.3769853073391e-13	1	0	0	14	5877
PR00518	5HT5ARECEPTR	1.00000000000074	7.3769853073391e-13	1	0	0	14	5877
PR01137	CONNEXINA8	1.00000000000074	7.3769853073391e-13	1	0	0	14	5877
PR02111	MRGPCRE	1.00000000000074	7.3769853073391e-13	1	0	0	14	5877
PR01209	NAKCLTRSPRT2	1.00000000000074	7.3769853073391e-13	1	0	0	14	5877
PR00658	CD44	1.00000000000074	7.3769853073391e-13	1	0	0	14	5877
PR02075	FIBSHEATHIP1	1.00000000000074	7.3769853073391e-13	1	0	0	14	5877
PR01197	GAT3TRNSPORT	1.00000000000074	7.3769853073391e-13	1	0	0	14	5877
PR00317	EPENDYMIN	1.00000000000074	7.3769853073391e-13	1	0	0	14	5877
PR01666	NACHANNEL5	1.00000000000074	7.3769853073391e-13	1	0	0	14	5877
PR01995	UPF0595	1.00000000000074	7.3769853073391e-13	1	0	0	14	5877
PR00714	MAN6PISMRASE	1.00000000000074	7.3769853073391e-13	1	0	0	14	5877
PR00495	LEPTIN	1.00000000000074	7.3769853073391e-13	1	0	0	14	5877
PR00843	GLHYDRLASE30	1.00000000000074	7.3769853073391e-13	1	0	0	14	5877
PR00393	PTRHORMONER	1.00000000000074	7.3769853073391e-13	1	0	0	14	5877
PR01152	PROTEASEAR2	1.00000000000074	7.3769853073391e-13	1	0	0	14	5877
PR01982	IGFBPFAMILY6	1.00000000000074	7.3769853073391e-13	1	0	0	14	5877
PR01108	CHEMOKINER3	1.00000000000074	7.3769853073391e-13	1	0	0	14	5877
PR00429	THROMBOXANER	1.00000000000074	7.3769853073391e-13	1	0	0	14	5877
PR00500	POLYCYSTIN1	1.00000000000074	7.3769853073391e-13	1	0	0	14	5877
PR00297	CHAPERONIN10	1.00000000000074	7.3769853073391e-13	1	0	0	14	5877
PR01285	HMRNUCRECPTR	1.00000000000074	7.3769853073391e-13	1	0	0	14	5877
PR02011	RCMTNCL1	1.00000000000074	7.3769853073391e-13	1	0	0	14	5877
PR00648	GPR3ORPHANR	1.00000000000074	7.3769853073391e-13	1	0	0	14	5877
PR01809	ANNEXINX	1.00000000000074	7.3769853073391e-13	1	0	0	14	5877
PR00197	ANNEXINI	1.00000000000074	7.3769853073391e-13	1	0	0	14	5877
PR01738	RNABINDINGM8	1.00000000000074	7.3769853073391e-13	1	0	0	14	5877
PR00523	CANABINOID2R	1.00000000000074	7.3769853073391e-13	1	0	0	14	5877
PR02005	INSLNLIKEGF1	1.00000000000074	7.3769853073391e-13	1	0	0	14	5877
PR00127	CLPPROTEASEP	1.00000000000074	7.3769853073391e-13	1	0	0	14	5877
PR01766	ECACCHANNEL1	1.00000000000074	7.3769853073391e-13	1	0	0	14	5877
PR00192	FACTINCAPB	1.00000000000074	7.3769853073391e-13	1	0	0	14	5877
PR01682	FMRFAMIDEPEP	1.00000000000074	7.3769853073391e-13	1	0	0	14	5877
PR02091	HAUSAUGMINL5	1.00000000000074	7.3769853073391e-13	1	0	0	14	5877
PR01514	KV21CHANNEL	1.00000000000074	7.3769853073391e-13	1	0	0	14	5877
PR01653	TCTPROTEIN	1.00000000000074	7.3769853073391e-13	1	0	0	14	5877
PR02040	CDK2IP	1.00000000000074	7.3769853073391e-13	1	0	0	14	5877
PR00623	HISTONEH4	1.00000000000074	7.3769853073391e-13	1	0	0	14	5877
PR01713	NUCEPIMERASE	1.00000000000074	7.3769853073391e-13	1	0	0	14	5877
PR01046	TRNASYNTHPRO	1.00000000000074	7.3769853073391e-13	1	0	0	14	5877
PR00101	ATCASE	1.00000000000074	7.3769853073391e-13	1	0	0	14	5877
PR01616	GABAARALPHA3	1.00000000000074	7.3769853073391e-13	1	0	0	14	5877
PR01669	TAPASIN	1.00000000000074	7.3769853073391e-13	1	0	0	14	5877
PR01865	APOPREGBCLW	1.00000000000074	7.3769853073391e-13	1	0	0	14	5877
PR00567	DOPAMINED2R	1.00000000000074	7.3769853073391e-13	1	0	0	14	5877
PR01014	NRPEPTIDEY2R	1.00000000000074	7.3769853073391e-13	1	0	0	14	5877
PR01026	NEUROKININ3R	1.00000000000074	7.3769853073391e-13	1	0	0	14	5877
PR01677	GLYRBETA	1.00000000000074	7.3769853073391e-13	1	0	0	14	5877
PR01927	INTRLEUKIN11	1.00000000000074	7.3769853073391e-13	1	0	0	14	5877
PR01030	PENKBPRCRSR	1.00000000000074	7.3769853073391e-13	1	0	0	14	5877
PR01579	KCNAB2CHANEL	1.00000000000074	7.3769853073391e-13	1	0	0	14	5877
PR01725	GABAARTHETA	1.00000000000074	7.3769853073391e-13	1	0	0	14	5877
PR00564	CXCCHMKINER5	1.00000000000074	7.3769853073391e-13	1	0	0	14	5877
PR01934	INTRLEUKIN19	1.00000000000074	7.3769853073391e-13	1	0	0	14	5877
PR01135	CONNEXINA5	1.00000000000074	7.3769853073391e-13	1	0	0	14	5877
PR01559	DUFFYANTIGEN	1.00000000000074	7.3769853073391e-13	1	0	0	14	5877
PR02110	MRGPCRD	1.00000000000074	7.3769853073391e-13	1	0	0	14	5877
PR01664	NACHANNEL1	1.00000000000074	7.3769853073391e-13	1	0	0	14	5877
PR01509	KV12CHANNEL	1.00000000000074	7.3769853073391e-13	1	0	0	14	5877
PR00076	6PGDHDRGNASE	1.00000000000074	7.3769853073391e-13	1	0	0	14	5877
PR01877	MTGR1PROTEIN	1.00000000000074	7.3769853073391e-13	1	0	0	14	5877
PR02058	APODVERTBRTE	1.00000000000074	7.3769853073391e-13	1	0	0	14	5877
PR01567	NEUROMEDNU2R	1.00000000000074	7.3769853073391e-13	1	0	0	14	5877
PR01093	SULFNYLUR1	1.00000000000074	7.3769853073391e-13	1	0	0	14	5877
PR01183	RIBORDTASEM1	1.00000000000074	7.3769853073391e-13	1	0	0	14	5877
PR01971	TNFACTORR21	1.00000000000074	7.3769853073391e-13	1	0	0	14	5877
PR01718	CLAUDIN15	1.00000000000074	7.3769853073391e-13	1	0	0	14	5877
PR01965	TNFACTORR14	1.00000000000074	7.3769853073391e-13	1	0	0	14	5877
PR01256	OTX1HOMEOBOX	1.00000000000074	7.3769853073391e-13	1	0	0	14	5877
PR01659	MCMPROTEIN3	1.00000000000074	7.3769853073391e-13	1	0	0	14	5877
PR00603	CYTOCHROMEC1	1.00000000000074	7.3769853073391e-13	1	0	0	14	5877
PR01519	EPSLNTUBULIN	1.00000000000074	7.3769853073391e-13	1	0	0	14	5877
PR01310	P2X3RECEPTOR	1.00000000000074	7.3769853073391e-13	1	0	0	14	5877
PR00993	BRADYKINNB1R	1.00000000000074	7.3769853073391e-13	1	0	0	14	5877
PR01854	BR22PROTEIN	1.00000000000074	7.3769853073391e-13	1	0	0	14	5877
PR01914	NEUROTROPHN3	1.00000000000074	7.3769853073391e-13	1	0	0	14	5877
PR02100	GENEIEX1	1.00000000000074	7.3769853073391e-13	1	0	0	14	5877
PR00636	ANGIOTENSN2R	1.00000000000074	7.3769853073391e-13	1	0	0	14	5877
PR01481	NEUROTENSN2R	1.00000000000074	7.3769853073391e-13	1	0	0	14	5877
PR01112	CLCHANNEL1	1.00000000000074	7.3769853073391e-13	1	0	0	14	5877
PR01327	KIR31CHANNEL	1.00000000000074	7.3769853073391e-13	1	0	0	14	5877
PR00582	PRSTNOIDEP3R	1.00000000000074	7.3769853073391e-13	1	0	0	14	5877
PR01018	PRPRECEPTOR	1.00000000000074	7.3769853073391e-13	1	0	0	14	5877
PR00801	ADRENOMEDULN	1.00000000000074	7.3769853073391e-13	1	0	0	14	5877
PR01724	GABAARPI	1.00000000000074	7.3769853073391e-13	1	0	0	14	5877
PR01031	ORPHNNPRCRSR	1.00000000000074	7.3769853073391e-13	1	0	0	14	5877
PR01889	PPNRPEPTIDEB	1.00000000000074	7.3769853073391e-13	1	0	0	14	5877
PR01868	ABCEFAMILY	1.00000000000074	7.3769853073391e-13	1	0	0	14	5877
PR01532	CXCCHMKINER3	1.00000000000074	7.3769853073391e-13	1	0	0	14	5877
PR01526	EDG6RECEPTOR	1.00000000000074	7.3769853073391e-13	1	0	0	14	5877
PR01578	KCNAB1CHANEL	1.00000000000074	7.3769853073391e-13	1	0	0	14	5877
PR01315	BATTENIN	1.00000000000074	7.3769853073391e-13	1	0	0	14	5877
PR01860	ADAMTS5	1.00000000000074	7.3769853073391e-13	1	0	0	14	5877
PR01741	SEPTIN3	1.00000000000074	7.3769853073391e-13	1	0	0	14	5877
PR01381	CLAUDIN7	1.00000000000074	7.3769853073391e-13	1	0	0	14	5877
PR01931	INTRLEUKIN16	1.00000000000074	7.3769853073391e-13	1	0	0	14	5877
PR00431	INTERLEUKIN4	1.00000000000074	7.3769853073391e-13	1	0	0	14	5877
PR01828	NEUROKININB	1.00000000000074	7.3769853073391e-13	1	0	0	14	5877
PR01145	TSHRECEPTOR	1.00000000000074	7.3769853073391e-13	1	0	0	14	5877
PR01516	KV41CHANNEL	1.00000000000074	7.3769853073391e-13	1	0	0	14	5877
PR01935	INTRLEUKIN20	1.00000000000074	7.3769853073391e-13	1	0	0	14	5877
PR02105	INTSUBUNIT2	1.00000000000074	7.3769853073391e-13	1	0	0	14	5877
PR00357	ANTIFREEZIII	1.00000000000074	7.3769853073391e-13	1	0	0	14	5877
PR00410	PHEHYDRXLASE	1.00000000000074	7.3769853073391e-13	1	0	0	14	5877
PR01454	EPMEMPROT1	1.00000000000074	7.3769853073391e-13	1	0	0	14	5877
PR02069	ECCREGULATOR	1.00000000000074	7.3769853073391e-13	1	0	0	14	5877
PR00568	DOPAMINED3R	1.00000000000074	7.3769853073391e-13	1	0	0	14	5877
PR01110	CHEMOKINER5	1.00000000000074	7.3769853073391e-13	1	0	0	14	5877
PR01116	CLCHANNEL5	1.00000000000074	7.3769853073391e-13	1	0	0	14	5877
PR00973	RIBOSOMALS17	1.00000000000074	7.3769853073391e-13	1	0	0	14	5877
PR00544	PROGESTRONER	1.00000000000074	7.3769853073391e-13	1	0	0	14	5877
PR00665	OXYTOCINR	1.00000000000074	7.3769853073391e-13	1	0	0	14	5877
PR00972	RIBSOMALS12E	1.00000000000074	7.3769853073391e-13	1	0	0	14	5877
PR00498	P47PHOX	1.00000000000074	7.3769853073391e-13	1	0	0	14	5877
PR01978	IGFBPFAMILY2	1.00000000000074	7.3769853073391e-13	1	0	0	14	5877
PR01080	HYPOXIAIF1A	1.00000000000074	7.3769853073391e-13	1	0	0	14	5877
PR00552	ADENOSINEA1R	1.00000000000074	7.3769853073391e-13	1	0	0	14	5877
PR02012	RCMTNOP2	1.00000000000074	7.3769853073391e-13	1	0	0	14	5877
PR01676	GLYRALPHA3	1.00000000000074	7.3769853073391e-13	1	0	0	14	5877
PR01261	TAUPROTEIN	1.00000000000074	7.3769853073391e-13	1	0	0	14	5877
PR01589	CLAUDIN2	1.00000000000074	7.3769853073391e-13	1	0	0	14	5877
PR01223	BRIDEOF7LESS	1.00000000000074	7.3769853073391e-13	1	0	0	14	5877
PR00125	ATPASEDELTA	1.00000000000074	7.3769853073391e-13	1	0	0	14	5877
PR00529	GNADOTRPHINR	1.00000000000074	7.3769853073391e-13	1	0	0	14	5877
PR01194	GLUCTRSPORT5	1.00000000000074	7.3769853073391e-13	1	0	0	14	5877
PR00522	CANABINOID1R	1.00000000000074	7.3769853073391e-13	1	0	0	14	5877
PR01810	ANNEXINXI	1.00000000000074	7.3769853073391e-13	1	0	0	14	5877
PR01105	CXCCHMKINER6	1.00000000000074	7.3769853073391e-13	1	0	0	14	5877
PR00407	EUMOPTERIN	1.00000000000074	7.3769853073391e-13	1	0	0	14	5877
PR01068	P2Y6PRNOCPTR	1.00000000000074	7.3769853073391e-13	1	0	0	14	5877
PR01984	NOTCH1	1.00000000000074	7.3769853073391e-13	1	0	0	14	5877
PR00588	SOMATOSTTN2R	1.00000000000074	7.3769853073391e-13	1	0	0	14	5877
PR01723	GABAAREPSLON	1.00000000000074	7.3769853073391e-13	1	0	0	14	5877
PR02083	GKINASEAP1	1.00000000000074	7.3769853073391e-13	1	0	0	14	5877
PR00162	RIESKE	1.00000000000074	7.3769853073391e-13	1	0	0	14	5877
PR01426	TGFBETA3	1.00000000000074	7.3769853073391e-13	1	0	0	14	5877
PR01203	5HTTRANSPORT	1.00000000000074	7.3769853073391e-13	1	0	0	14	5877
PR01377	CLAUDIN1	1.00000000000074	7.3769853073391e-13	1	0	0	14	5877
PR01208	NAKCLTRSPRT1	1.00000000000074	7.3769853073391e-13	1	0	0	14	5877
PR00082	GLFDHDRGNASE	1.00000000000074	7.3769853073391e-13	1	0	0	14	5877
PR01517	KV42CHANNEL	1.00000000000074	7.3769853073391e-13	1	0	0	14	5877
PR01581	KV31CHANNEL	1.00000000000074	7.3769853073391e-13	1	0	0	14	5877
PR01024	NEUROKININ1R	1.00000000000074	7.3769853073391e-13	1	0	0	14	5877
PR00516	5HT2ARECEPTR	1.00000000000074	7.3769853073391e-13	1	0	0	14	5877
PR01192	GLUCTRSPORT3	1.00000000000074	7.3769853073391e-13	1	0	0	14	5877
PR01053	MTABOTROPC3R	1.00000000000074	7.3769853073391e-13	1	0	0	14	5877
PR02024	AQUAPORIN11	1.00000000000074	7.3769853073391e-13	1	0	0	14	5877
PR01057	MTABOTROPC7R	1.00000000000074	7.3769853073391e-13	1	0	0	14	5877
PR01094	SULFNYLUR2	1.00000000000074	7.3769853073391e-13	1	0	0	14	5877
PR01124	FMOXYGENASE4	1.00000000000074	7.3769853073391e-13	1	0	0	14	5877
PR01322	KIR12CHANNEL	1.00000000000074	7.3769853073391e-13	1	0	0	14	5877
PR01722	GABAARDELTA	1.00000000000074	7.3769853073391e-13	1	0	0	14	5877
PR00067	CATALASE	1.00000000000074	7.3769853073391e-13	1	0	0	14	5877
PR01617	GABAARALPHA4	1.00000000000074	7.3769853073391e-13	1	0	0	14	5877
PR01190	GLUCTRSPORT1	1.00000000000074	7.3769853073391e-13	1	0	0	14	5877
PR02053	BRISCABRO1	1.00000000000074	7.3769853073391e-13	1	0	0	14	5877
PR01717	CD28ANTIGEN	1.00000000000074	7.3769853073391e-13	1	0	0	14	5877
PR00383	MELANOCORTIN	1.00000000000074	7.3769853073391e-13	1	0	0	14	5877
PR02027	ARCARG31	1.00000000000074	7.3769853073391e-13	1	0	0	14	5877
PR00590	SOMATOSTTN4R	1.00000000000074	7.3769853073391e-13	1	0	0	14	5877
PR00711	ANATPEPTIDE	1.00000000000074	7.3769853073391e-13	1	0	0	14	5877
PR01583	KV34CHANNEL	1.00000000000074	7.3769853073391e-13	1	0	0	14	5877
PR01076	CALDESMON	1.00000000000074	7.3769853073391e-13	1	0	0	14	5877
PR01933	INTRLEUKIN18	1.00000000000074	7.3769853073391e-13	1	0	0	14	5877
PR01326	KIR23CHANNEL	1.00000000000074	7.3769853073391e-13	1	0	0	14	5877
PR00350	VITAMINDR	1.00000000000074	7.3769853073391e-13	1	0	0	14	5877
PR00989	ADENOKINASE	1.00000000000074	7.3769853073391e-13	1	0	0	14	5877
PR01825	JANUSKINASE2	1.00000000000074	7.3769853073391e-13	1	0	0	14	5877
PR01913	NGFBETA	1.00000000000074	7.3769853073391e-13	1	0	0	14	5877
PR01923	TNFACTORR8	1.00000000000074	7.3769853073391e-13	1	0	0	14	5877
PR00587	SOMATOSTTN1R	1.00000000000074	7.3769853073391e-13	1	0	0	14	5877
PR00540	MUSCRINICM3R	1.00000000000074	7.3769853073391e-13	1	0	0	14	5877
PR01633	RVDCCALPHA1	1.00000000000074	7.3769853073391e-13	1	0	0	14	5877
PR00530	HISTAMINEH1R	1.00000000000074	7.3769853073391e-13	1	0	0	14	5877
PR00541	MUSCRINICM4R	1.00000000000074	7.3769853073391e-13	1	0	0	14	5877
PR01930	INTRLEUKIN15	1.00000000000074	7.3769853073391e-13	1	0	0	14	5877
PR00375	HUNTINGTIN	1.00000000000074	7.3769853073391e-13	1	0	0	14	5877
PR01257	OTX2HOMEOBOX	1.00000000000074	7.3769853073391e-13	1	0	0	14	5877
PR01424	TGFBETA1	1.00000000000074	7.3769853073391e-13	1	0	0	14	5877
PR01354	GLUCAGONR	1.00000000000074	7.3769853073391e-13	1	0	0	14	5877
PR01460	KCNQ1CHANNEL	1.00000000000074	7.3769853073391e-13	1	0	0	14	5877
PR01114	CLCHANNEL3	1.00000000000074	7.3769853073391e-13	1	0	0	14	5877
PR00497	P40PHOX	1.00000000000074	7.3769853073391e-13	1	0	0	14	5877
PR00719	LMWPTPASE	1.00000000000074	7.3769853073391e-13	1	0	0	14	5877
PR01358	INTRLEUKIN1A	1.00000000000074	7.3769853073391e-13	1	0	0	14	5877
PR00643	G10DORPHANR	1.00000000000074	7.3769853073391e-13	1	0	0	14	5877
PR01878	MTG16PROTEIN	1.00000000000074	7.3769853073391e-13	1	0	0	14	5877
PR01973	TNFACTORR27	1.00000000000074	7.3769853073391e-13	1	0	0	14	5877
PR00671	INHIBINBB	1.00000000000074	7.3769853073391e-13	1	0	0	14	5877
PR01672	GABAARRHO2	1.00000000000074	7.3769853073391e-13	1	0	0	14	5877
PR01602	VDCCGAMMA2	1.00000000000074	7.3769853073391e-13	1	0	0	14	5877
PR01142	CONNEXINB5	1.00000000000074	7.3769853073391e-13	1	0	0	14	5877
PR01455	EPMEMPROT2	1.00000000000074	7.3769853073391e-13	1	0	0	14	5877
PR00524	CCYSTOKNINAR	1.00000000000074	7.3769853073391e-13	1	0	0	14	5877
PR01321	KIR11CHANNEL	1.00000000000074	7.3769853073391e-13	1	0	0	14	5877
PR01658	MCMPROTEIN2	1.00000000000074	7.3769853073391e-13	1	0	0	14	5877
PR00718	PHPHLIPASED	1.00000000000074	7.3769853073391e-13	1	0	0	14	5877
PR01557	CHEMOKINER10	1.00000000000074	7.3769853073391e-13	1	0	0	14	5877
PR01425	TGFBETA2	1.00000000000074	7.3769853073391e-13	1	0	0	14	5877
PR01201	NORTRANSPORT	1.00000000000074	7.3769853073391e-13	1	0	0	14	5877
PR01605	KCNE2CHANNEL	1.00000000000074	7.3769853073391e-13	1	0	0	14	5877
PR02004	RELAXIN	1.00000000000074	7.3769853073391e-13	1	0	0	14	5877
PR01601	VDCCGAMMA1	1.00000000000074	7.3769853073391e-13	1	0	0	14	5877
PR00752	VASOPRSNV1AR	1.00000000000074	7.3769853073391e-13	1	0	0	14	5877
PR01968	TNFACTORR18	1.00000000000074	7.3769853073391e-13	1	0	0	14	5877
PR00850	GLHYDRLASE59	1.00000000000074	7.3769853073391e-13	1	0	0	14	5877
PR01681	FASLIGAND	1.00000000000074	7.3769853073391e-13	1	0	0	14	5877
PR01429	PROTEASEAR3	1.00000000000074	7.3769853073391e-13	1	0	0	14	5877
PR01511	KV14CHANNEL	1.00000000000074	7.3769853073391e-13	1	0	0	14	5877
PR01324	KIR21CHANNEL	1.00000000000074	7.3769853073391e-13	1	0	0	14	5877
PR01001	FADG3PDH	1.00000000000074	7.3769853073391e-13	1	0	0	14	5877
PR00559	ADRENRGCA2BR	1.00000000000074	7.3769853073391e-13	1	0	0	14	5877
PR01940	NTKRECEPTOR1	1.00000000000074	7.3769853073391e-13	1	0	0	14	5877
PR00346	TISSUEFACTOR	1.00000000000074	7.3769853073391e-13	1	0	0	14	5877
PR00580	PRSTNOIDEP1R	1.00000000000074	7.3769853073391e-13	1	0	0	14	5877
PR01280	CRFRECEPTOR1	1.00000000000074	7.3769853073391e-13	1	0	0	14	5877
PR00539	MUSCRINICM2R	1.00000000000074	7.3769853073391e-13	1	0	0	14	5877
PR01144	LSHRECEPTOR	1.00000000000074	7.3769853073391e-13	1	0	0	14	5877
PR01237	TNFC	1.00000000000074	7.3769853073391e-13	1	0	0	14	5877
PR02052	ABRAXAS	1.00000000000074	7.3769853073391e-13	1	0	0	14	5877
PR00512	5HT1ARECEPTR	1.00000000000074	7.3769853073391e-13	1	0	0	14	5877
PR00543	OESTROGENR	1.00000000000074	7.3769853073391e-13	1	0	0	14	5877
PR01214	GSYNUCLEIN	1.00000000000074	7.3769853073391e-13	1	0	0	14	5877
PR01146	GPR1ORPHANR	1.00000000000074	7.3769853073391e-13	1	0	0	14	5877
PR00532	KAPPAOPIOIDR	1.00000000000074	7.3769853073391e-13	1	0	0	14	5877
PR00514	5HT1DRECEPTR	1.00000000000074	7.3769853073391e-13	1	0	0	14	5877
PR00975	RIBOSOMALS19	1.00000000000074	7.3769853073391e-13	1	0	0	14	5877
PR01642	TRPCHANNEL1	1.00000000000074	7.3769853073391e-13	1	0	0	14	5877
PR01757	AMELOGENIN	1.00000000000074	7.3769853073391e-13	1	0	0	14	5877
PR01938	INTRLEUKIN34	1.00000000000074	7.3769853073391e-13	1	0	0	14	5877
PR00126	ATPASEGAMMA	1.00000000000074	7.3769853073391e-13	1	0	0	14	5877
PR01351	CGRPRECEPTOR	1.00000000000074	7.3769853073391e-13	1	0	0	14	5877
PR01558	CHEMOKINER11	1.00000000000074	7.3769853073391e-13	1	0	0	14	5877
PR00519	5HT5BRECEPTR	1.00000000000074	7.3769853073391e-13	1	0	0	14	5877
PR01304	NORRIEDSEASE	1.00000000000074	7.3769853073391e-13	1	0	0	14	5877
PR01786	PARAOXONASE1	1.00000000000074	7.3769853073391e-13	1	0	0	14	5877
PR00212	MYELINMBP	1.00000000000074	7.3769853073391e-13	1	0	0	14	5877
PR01667	NACHANNEL8	1.00000000000074	7.3769853073391e-13	1	0	0	14	5877
PR00430	INTERLEUKIN3	1.00000000000074	7.3769853073391e-13	1	0	0	14	5877
PR01987	NOTCH4	1.00000000000074	7.3769853073391e-13	1	0	0	14	5877
PR01507	MCH1RECEPTOR	1.00000000000074	7.3769853073391e-13	1	0	0	14	5877
PR01855	NRPEPTIDEWR	1.00000000000074	7.3769853073391e-13	1	0	0	14	5877
PR01921	TNFACTORR4	1.00000000000074	7.3769853073391e-13	1	0	0	14	5877
PR01710	5HT3BRECEPTR	1.00000000000074	7.3769853073391e-13	1	0	0	14	5877
PR00474	GLU5KINASE	1.00000000000074	7.3769853073391e-13	1	0	0	14	5877
PR01059	5HT4RECEPTR	1.00000000000074	7.3769853073391e-13	1	0	0	14	5877
PR01118	CLCHANNEL7	1.00000000000074	7.3769853073391e-13	1	0	0	14	5877
PR00528	GLCORTICOIDR	1.00000000000074	7.3769853073391e-13	1	0	0	14	5877
PR01177	GABAB1RECPTR	1.00000000000074	7.3769853073391e-13	1	0	0	14	5877
PR01614	GABAARALPHA1	1.00000000000074	7.3769853073391e-13	1	0	0	14	5877
PR00058	RIBOSOMALL5	1.00000000000074	7.3769853073391e-13	1	0	0	14	5877
PR01308	P2X1RECEPTOR	1.00000000000074	7.3769853073391e-13	1	0	0	14	5877
PR02015	AQUAPORIN3	1.00000000000074	7.3769853073391e-13	1	0	0	14	5877
PR01967	TNFACTORR17	1.00000000000074	7.3769853073391e-13	1	0	0	14	5877
PR01728	KISS1RECEPTR	1.00000000000074	7.3769853073391e-13	1	0	0	14	5877
PR00581	PRSTNOIDEP2R	1.00000000000074	7.3769853073391e-13	1	0	0	14	5877
PR01966	TNFACTORR16	1.00000000000074	7.3769853073391e-13	1	0	0	14	5877
PR01618	GABAARALPHA5	1.00000000000074	7.3769853073391e-13	1	0	0	14	5877
PR00520	ACTROPHINR	1.00000000000074	7.3769853073391e-13	1	0	0	14	5877
PR00063	RIBOSOMALL27	1.00000000000074	7.3769853073391e-13	1	0	0	14	5877
PR01054	MTABOTROPC4R	1.00000000000074	7.3769853073391e-13	1	0	0	14	5877
PR01132	CONNEXINA1	1.00000000000074	7.3769853073391e-13	1	0	0	14	5877
PR01636	LVDCCALPHA1D	1.00000000000074	7.3769853073391e-13	1	0	0	14	5877
PR01174	RETINOLBNDNG	1.00000000000074	7.3769853073391e-13	1	0	0	14	5877
PR00322	G10	1.00000000000074	7.3769853073391e-13	1	0	0	14	5877
PR00649	GPR6ORPHANR	1.00000000000074	7.3769853073391e-13	1	0	0	14	5877
PR02088	HAUSAUGMINL2	1.00000000000074	7.3769853073391e-13	1	0	0	14	5877
PR01644	TRPCHANNEL3	1.00000000000074	7.3769853073391e-13	1	0	0	14	5877
PR01477	LTB1RECEPTOR	1.00000000000074	7.3769853073391e-13	1	0	0	14	5877
PR01964	TNFACTORR13C	1.00000000000074	7.3769853073391e-13	1	0	0	14	5877
PR02095	TRNSPORTRHRG	1.00000000000074	7.3769853073391e-13	1	0	0	14	5877
PR01082	KCLTRNSPORT1	1.00000000000074	7.3769853073391e-13	1	0	0	14	5877
PR01993	GPR162	1.00000000000074	7.3769853073391e-13	1	0	0	14	5877
PR00985	TRNASYNTHLEU	1.00000000000074	7.3769853073391e-13	1	0	0	14	5877
PR02092	HEPBVIRUSXIP	1.00000000000074	7.3769853073391e-13	1	0	0	14	5877
PR01632	PQVDCCALPHA1	1.00000000000074	7.3769853073391e-13	1	0	0	14	5877
PR00521	ANDROGENR	1.00000000000074	7.3769853073391e-13	1	0	0	14	5877
PR01063	MELNOCORTN5R	1.00000000000074	7.3769853073391e-13	1	0	0	14	5877
PR00513	5HT1BRECEPTR	1.00000000000074	7.3769853073391e-13	1	0	0	14	5877
PR01566	NEUROMEDNU1R	1.00000000000074	7.3769853073391e-13	1	0	0	14	5877
PR01703	MNSODISMTASE	1.00000000000074	7.3769853073391e-13	1	0	0	14	5877
PR01000	SREBPS2PTASE	1.00000000000074	7.3769853073391e-13	1	0	0	14	5877
PR00060	RIBOSOMALL16	1.00000000000074	7.3769853073391e-13	1	0	0	14	5877
PR00574	OPSINBLUE	1.00000000000074	7.3769853073391e-13	1	0	0	14	5877
PR01510	KV13CHANNEL	1.00000000000074	7.3769853073391e-13	1	0	0	14	5877
PR02112	MRGPCRF	1.00000000000074	7.3769853073391e-13	1	0	0	14	5877
PR01990	CD74ANTIGEN	1.00000000000074	7.3769853073391e-13	1	0	0	14	5877
PR01524	EDG3RECEPTOR	1.00000000000074	7.3769853073391e-13	1	0	0	14	5877
PR01129	GIPRECEPTOR	1.00000000000074	7.3769853073391e-13	1	0	0	14	5877
PR01416	APJRECEPTOR	1.00000000000074	7.3769853073391e-13	1	0	0	14	5877
PR01571	NPFFRECEPTR1	1.00000000000074	7.3769853073391e-13	1	0	0	14	5877
PR01500	TROPOELASTIN	1.00000000000074	7.3769853073391e-13	1	0	0	14	5877
PR00579	RHODOPSIN	1.00000000000074	7.3769853073391e-13	1	0	0	14	5877
PR01541	GONADOLIBRNI	1.00000000000074	7.3769853073391e-13	1	0	0	14	5877
PR01151	MELATONIN1XR	1.00000000000074	7.3769853073391e-13	1	0	0	14	5877
PR01603	VDCCGAMMA4	1.00000000000074	7.3769853073391e-13	1	0	0	14	5877
PR00573	INTRLEUKN8BR	1.00000000000074	7.3769853073391e-13	1	0	0	14	5877
PR02020	AQUAPORIN8	1.00000000000074	7.3769853073391e-13	1	0	0	14	5877
PR00824	HEPLIPASE	1.00000000000074	7.3769853073391e-13	1	0	0	14	5877
PR00558	ADRENRGCA2AR	1.00000000000074	7.3769853073391e-13	1	0	0	14	5877
PR01384	CLAUDIN11	1.00000000000074	7.3769853073391e-13	1	0	0	14	5877
PR02038	AURORABORA	1.00000000000074	7.3769853073391e-13	1	0	0	14	5877
PR01795	VDCCGAMMA7	1.00000000000074	7.3769853073391e-13	1	0	0	14	5877
PR01742	SEPTIN7	1.00000000000074	7.3769853073391e-13	1	0	0	14	5877
PR01615	GABAARALPHA2	1.00000000000074	7.3769853073391e-13	1	0	0	14	5877
PR01287	NURRNUCRCPTR	1.00000000000074	7.3769853073391e-13	1	0	0	14	5877
PR00472	CASNKINASEII	1.00000000000074	7.3769853073391e-13	1	0	0	14	5877
PR00265	INTERLEUKIN2	1.00000000000074	7.3769853073391e-13	1	0	0	14	5877
PR01808	ANNEXINVIII	1.00000000000074	7.3769853073391e-13	1	0	0	14	5877
PR00715	MAN6PRECEPTR	1.00000000000074	7.3769853073391e-13	1	0	0	14	5877
PR00525	DELTAOPIOIDR	1.00000000000074	7.3769853073391e-13	1	0	0	14	5877
PR01448	CLAUDIN18	1.00000000000074	7.3769853073391e-13	1	0	0	14	5877
PR00537	MUOPIOIDR	1.00000000000074	7.3769853073391e-13	1	0	0	14	5877
PR01560	EDG7RECEPTOR	1.00000000000074	7.3769853073391e-13	1	0	0	14	5877
PR01783	MCHRECEPTOR	1.00000000000074	7.3769853073391e-13	1	0	0	14	5877
PR01512	KV15CHANNEL	1.00000000000074	7.3769853073391e-13	1	0	0	14	5877
PR01017	NRPEPTIDEY6R	1.00000000000074	7.3769853073391e-13	1	0	0	14	5877
PR01126	DEZORPHANR	1.00000000000074	7.3769853073391e-13	1	0	0	14	5877
PR00201	ANNEXINV	1.00000000000074	7.3769853073391e-13	1	0	0	14	5877
PR00061	RIBOSOMALL19	1.00000000000074	7.3769853073391e-13	1	0	0	14	5877
PR00882	RIBOSOMALL7A	1.00000000000074	7.3769853073391e-13	1	0	0	14	5877
PR01662	MCMPROTEIN6	1.00000000000074	7.3769853073391e-13	1	0	0	14	5877
PR00199	ANNEXINIII	1.00000000000074	7.3769853073391e-13	1	0	0	14	5877
PR00647	UROTENSIN2R	1.00000000000074	7.3769853073391e-13	1	0	0	14	5877
PR01972	TNFACTORR25	1.00000000000074	7.3769853073391e-13	1	0	0	14	5877
PR01260	NACAEXCHNGR1	1.00000000000074	7.3769853073391e-13	1	0	0	14	5877
PR00670	INHIBINBA	1.00000000000074	7.3769853073391e-13	1	0	0	14	5877
PR01356	GFGPROTEIN	1.00000000000074	7.3769853073391e-13	1	0	0	14	5877
PR01858	ADAMTS1	1.00000000000074	7.3769853073391e-13	1	0	0	14	5877
PR01671	GABAARRHO1	1.00000000000074	7.3769853073391e-13	1	0	0	14	5877
PR00566	DOPAMINED1BR	1.00000000000074	7.3769853073391e-13	1	0	0	14	5877
PR01312	P2X5RECEPTOR	1.00000000000074	7.3769853073391e-13	1	0	0	14	5877
PR00815	PIHAEM	1.00000000000074	7.3769853073391e-13	1	0	0	14	5877
PR00561	ADRENRGCB1AR	1.00000000000074	7.3769853073391e-13	1	0	0	14	5877
PR00565	DOPAMINED1AR	1.00000000000074	7.3769853073391e-13	1	0	0	14	5877
PR00102	OTCASE	1.00000000000074	7.3769853073391e-13	1	0	0	14	5877
PR02048	PROTEINF25	1.00000000000074	7.3769853073391e-13	1	0	0	14	5877
PR01191	GLUCTRSPORT2	1.00000000000074	7.3769853073391e-13	1	0	0	14	5877
PR01140	CONNEXINB3	1.00000000000074	7.3769853073391e-13	1	0	0	14	5877
PR01960	TNFACTORR7	1.00000000000074	7.3769853073391e-13	1	0	0	14	5877
PR01083	LYMPHSPCIFIC	1.00000000000074	7.3769853073391e-13	1	0	0	14	5877
PR01631	NVDCCALPHA1	1.00000000000074	7.3769853073391e-13	1	0	0	14	5877
PR00571	ENDOTHELINBR	1.00000000000074	7.3769853073391e-13	1	0	0	14	5877
PR01253	AMPHIPHYSIN2	1.00000000000074	7.3769853073391e-13	1	0	0	14	5877
PR01903	CYSLT2RECPTR	1.00000000000074	7.3769853073391e-13	1	0	0	14	5877
PR01863	APOPREGBCL2	1.00000000000074	7.3769853073391e-13	1	0	0	14	5877
PR01187	ANIONEXHNGR1	1.00000000000074	7.3769853073391e-13	1	0	0	14	5877
PR01318	GDNFRALPHA2	1.00000000000074	7.3769853073391e-13	1	0	0	14	5877
PR01691	TRAAKCHANNEL	1.00000000000074	7.3769853073391e-13	1	0	0	14	5877
PR01655	UDPGLUCOSER	1.00000000000074	7.3769853073391e-13	1	0	0	14	5877
PR02087	HAUSAUGMINL1	1.00000000000074	7.3769853073391e-13	1	0	0	14	5877
PR02042	CCSMST1	1.00000000000074	7.3769853073391e-13	1	0	0	14	5877
PR00542	MUSCRINICM5R	1.00000000000074	7.3769853073391e-13	1	0	0	14	5877
PR02032	DEXMETHSNEIP	1.00000000000074	7.3769853073391e-13	1	0	0	14	5877
PR01598	ZONOCCLUDNS1	1.00000000000074	7.3769853073391e-13	1	0	0	14	5877
PR01213	BSYNUCLEIN	1.00000000000074	7.3769853073391e-13	1	0	0	14	5877
PR02068	VOPPROTEIN1	1.00000000000074	7.3769853073391e-13	1	0	0	14	5877
PR01178	GABAB2RECPTR	1.00000000000074	7.3769853073391e-13	1	0	0	14	5877
PR00554	ADENOSINA2BR	1.00000000000074	7.3769853073391e-13	1	0	0	14	5877
PR01576	PDEFORMYLASE	1.00000000000074	7.3769853073391e-13	1	0	0	14	5877
PR01790	SMP30FAMILY	1.00000000000074	7.3769853073391e-13	1	0	0	14	5877
PR01587	TWIK2CHANNEL	1.00000000000074	7.3769853073391e-13	1	0	0	14	5877
PR02060	WOLFFAMILY	1.00000000000074	7.3769853073391e-13	1	0	0	14	5877
PR01091	OREXINPP	1.00000000000074	7.3769853073391e-13	1	0	0	14	5877
PR01252	AMPHIPHYSIN1	1.00000000000074	7.3769853073391e-13	1	0	0	14	5877
PR00562	ADRENRGCB2AR	1.00000000000074	7.3769853073391e-13	1	0	0	14	5877
PR01062	MELNOCORTN4R	1.00000000000074	7.3769853073391e-13	1	0	0	14	5877
PR00557	ADRENRGCA1AR	1.00000000000074	7.3769853073391e-13	1	0	0	14	5877
PR01674	GLYRALPHA1	1.00000000000074	7.3769853073391e-13	1	0	0	14	5877
PR01408	MACSCAVRCPTR	1.00000000000074	7.3769853073391e-13	1	0	0	14	5877
PR01109	CHEMOKINER4	1.00000000000074	7.3769853073391e-13	1	0	0	14	5877
PR01522	OREXIN2R	1.00000000000074	7.3769853073391e-13	1	0	0	14	5877
PR00132	GLHYDRLASE2	1.00000000000074	7.3769853073391e-13	1	0	0	14	5877
PR01250	RIBOSOMALL34	1.00000000000074	7.3769853073391e-13	1	0	0	14	5877
PR00594	P2Y2PRNOCPTR	1.00000000000074	7.3769853073391e-13	1	0	0	14	5877
PR01379	CLAUDIN4	1.00000000000074	7.3769853073391e-13	1	0	0	14	5877
PR00361	CALCITONINR	1.00000000000074	7.3769853073391e-13	1	0	0	14	5877
PR01928	INTRLEUKN12B	1.00000000000074	7.3769853073391e-13	1	0	0	14	5877
PR01926	INTERLEUKIN9	1.00000000000074	7.3769853073391e-13	1	0	0	14	5877
PR01561	EDG8RECEPTOR	1.00000000000074	7.3769853073391e-13	1	0	0	14	5877
PR01943	INTLKN11MAML	1.00000000000074	7.3769853073391e-13	1	0	0	14	5877
PR01970	TNFACTORR19L	1.00000000000074	7.3769853073391e-13	1	0	0	14	5877
PR01314	P2X7RECEPTOR	1.00000000000074	7.3769853073391e-13	1	0	0	14	5877
PR00144	DALDHYDRTASE	1.00000000000074	7.3769853073391e-13	1	0	0	14	5877
PR01924	TNFACTORR9	1.00000000000074	7.3769853073391e-13	1	0	0	14	5877
PR01619	GABAARALPHA6	1.00000000000074	7.3769853073391e-13	1	0	0	14	5877
PR01835	VEGFRECEPTR3	1.00000000000074	7.3769853073391e-13	1	0	0	14	5877
PR01149	MELATONIN1AR	1.00000000000074	7.3769853073391e-13	1	0	0	14	5877
PR01505	PROTHROMBIN	1.00000000000074	7.3769853073391e-13	1	0	0	14	5877
PR01763	DISHEVELLED3	1.00000000000074	7.3769853073391e-13	1	0	0	14	5877
PR01475	PARKIN	1.00000000000074	7.3769853073391e-13	1	0	0	14	5877
PR01647	TRPCHANNEL6	1.00000000000074	7.3769853073391e-13	1	0	0	14	5877
PR01188	ANIONEXHNGR2	1.00000000000074	7.3769853073391e-13	1	0	0	14	5877
PR01530	CHEMOKINER8	1.00000000000074	7.3769853073391e-13	1	0	0	14	5877
PR01920	TNFACTORR3	1.00000000000074	7.3769853073391e-13	1	0	0	14	5877
PR01720	CTLANTIGEN4	1.00000000000074	7.3769853073391e-13	1	0	0	14	5877
PR01866	APOPREGMCL1	1.00000000000074	7.3769853073391e-13	1	0	0	14	5877
PR01646	TRPCHANNEL5	1.00000000000074	7.3769853073391e-13	1	0	0	14	5877
PR00887	SSRCOGNITION	1.00000000000074	7.3769853073391e-13	1	0	0	14	5877
PR01701	CD164ANTIGEN	1.00000000000074	7.3769853073391e-13	1	0	0	14	5877
PR01236	TNFBETA	1.00000000000074	7.3769853073391e-13	1	0	0	14	5877
PR02029	ACTREGSIRT1	1.00000000000074	7.3769853073391e-13	1	0	0	14	5877
PR00490	SECRETINR	1.00000000000074	7.3769853073391e-13	1	0	0	14	5877
PR00071	HMGCOARDTASE	1.00000000000074	7.3769853073391e-13	1	0	0	14	5877
PR01528	EDG4RECEPTOR	1.00000000000074	7.3769853073391e-13	1	0	0	14	5877
PR01380	CLAUDIN5	1.00000000000074	7.3769853073391e-13	1	0	0	14	5877
PR00589	SOMATOSTTN3R	1.00000000000074	7.3769853073391e-13	1	0	0	14	5877
PR00639	NEUROMEDINBR	1.00000000000074	7.3769853073391e-13	1	0	0	14	5877
PR01628	LCACHANNELB2	1.00000000000074	7.3769853073391e-13	1	0	0	14	5877
PR01654	TRHRECEPTOR2	1.00000000000074	7.3769853073391e-13	1	0	0	14	5877
PR01915	NEUROTROPHN4	1.00000000000074	7.3769853073391e-13	1	0	0	14	5877
PR01622	GABAARGAMMA2	1.00000000000074	7.3769853073391e-13	1	0	0	14	5877
PR01680	TNFACTORR6	1.00000000000074	7.3769853073391e-13	1	0	0	14	5877
PR01281	CRFRECEPTOR2	1.00000000000074	7.3769853073391e-13	1	0	0	14	5877
PR00556	ADRENRGCA1BR	1.00000000000074	7.3769853073391e-13	1	0	0	14	5877
PR01568	LYMPHOTACTNR	1.00000000000074	7.3769853073391e-13	1	0	0	14	5877
PR01824	JANUSKINASE1	1.00000000000074	7.3769853073391e-13	1	0	0	14	5877
PR00563	ADRENRGCB3AR	1.00000000000074	7.3769853073391e-13	1	0	0	14	5877
PR01956	TNFACTORR10	1.00000000000074	7.3769853073391e-13	1	0	0	14	5877
PR01133	CONNEXINA3	1.00000000000074	7.3769853073391e-13	1	0	0	14	5877
PR01624	GHRELIN	1.00000000000074	7.3769853073391e-13	1	0	0	14	5877
PR01599	ZONOCCLUDNS2	1.00000000000074	7.3769853073391e-13	1	0	0	14	5877
PR00965	OCULARALBNSM	1.00000000000074	7.3769853073391e-13	1	0	0	14	5877
PR01525	EDG5RECEPTOR	1.00000000000074	7.3769853073391e-13	1	0	0	14	5877
PR01563	G2ARECEPTOR	1.00000000000074	7.3769853073391e-13	1	0	0	14	5877
PR01198	BETTRANSPORT	1.00000000000074	7.3769853073391e-13	1	0	0	14	5877
PR01585	TASK3CHANNEL	1.00000000000074	7.3769853073391e-13	1	0	0	14	5877
PR01634	LVDCCALPHA1S	1.00000000000074	7.3769853073391e-13	1	0	0	14	5877
PR01418	GALANIN1R	1.00000000000074	7.3769853073391e-13	1	0	0	14	5877
PR01355	GLUCAGNLIKER	1.00000000000074	7.3769853073391e-13	1	0	0	14	5877
PR00553	ADENOSINA2AR	1.00000000000074	7.3769853073391e-13	1	0	0	14	5877
PR01348	ICLNCHANNEL	1.00000000000074	7.3769853073391e-13	1	0	0	14	5877
PR01912	BDNFACTOR	1.00000000000074	7.3769853073391e-13	1	0	0	14	5877
PR01641	PROMCHFAMILY	1.00000000000074	7.3769853073391e-13	1	0	0	14	5877
PR02086	PUTNUCHARBI1	1.00000000000074	7.3769853073391e-13	1	0	0	14	5877
PR01851	CYSFIBREGLTR	1.00000000000074	7.3769853073391e-13	1	0	0	14	5877
PR01562	FRACTALKINER	1.00000000000074	7.3769853073391e-13	1	0	0	14	5877
PR01013	NRPEPTIDEY1R	1.00000000000074	7.3769853073391e-13	1	0	0	14	5877
PR01929	INTRLEUKIN13	1.00000000000074	7.3769853073391e-13	1	0	0	14	5877
PR00667	RPERETINALR	1.00000000000074	7.3769853073391e-13	1	0	0	14	5877
PR01156	PACAPRECEPTR	1.00000000000074	7.3769853073391e-13	1	0	0	14	5877
PR01222	ATROPHIN	1.00000000000074	7.3769853073391e-13	1	0	0	14	5877
PR00897	VASOPRSNV1BR	1.00000000000074	7.3769853073391e-13	1	0	0	14	5877
PR01974	TNFACTORR11A	1.00000000000074	7.3769853073391e-13	1	0	0	14	5877
PR01793	VDCCGAMMA5	1.00000000000074	7.3769853073391e-13	1	0	0	14	5877
PR00217	POSTSYNAPTIC	1.00000000000074	7.3769853073391e-13	1	0	0	14	5877
PR01403	8OXTPHPHTASE	1.00000000000074	7.3769853073391e-13	1	0	0	14	5877
PR01635	LVDCCALPHA1C	1.00000000000074	7.3769853073391e-13	1	0	0	14	5877
PR01829	PROTACHYKNIN	1.00000000000074	7.3769853073391e-13	1	0	0	14	5877
PR00640	GASTRINRELPR	1.00000000000074	7.3769853073391e-13	1	0	0	14	5877
PR01289	PROXISOMPAAR	1.00000000000074	7.3769853073391e-13	1	0	0	14	5877
PR01153	PAFRECEPTOR	1.00000000000074	7.3769853073391e-13	1	0	0	14	5877
PR00654	ANGIOTENSNGN	1.00000000000074	7.3769853073391e-13	1	0	0	14	5877
PR01888	NROPEPTIDEBW	1.00000000000074	7.3769853073391e-13	1	0	0	14	5877
PR01143	FSHRECEPTOR	1.00000000000074	7.3769853073391e-13	1	0	0	14	5877
PR01107	CHEMOKINER2	1.00000000000074	7.3769853073391e-13	1	0	0	14	5877
PR01679	KIR7CHANNEL	1.00000000000074	7.3769853073391e-13	1	0	0	14	5877
PR01844	WNT4PROTEIN	1.00000000000074	7.3769853073391e-13	1	0	0	14	5877
PR01937	INTRLEUKIN24	1.00000000000074	7.3769853073391e-13	1	0	0	14	5877
PR02013	AQUAPORIN1	1.00000000000074	7.3769853073391e-13	1	0	0	14	5877
PR01235	TNFALPHA	1.00000000000074	7.3769853073391e-13	1	0	0	14	5877
PR01687	EP450ICYP2E	1.00000000000074	7.3769853073391e-13	1	0	0	14	5877
PR00298	CHAPERONIN60	1.00000000000074	7.3769853073391e-13	1	0	0	14	5877
PR01015	NRPEPTIDEY4R	1.00000000000074	7.3769853073391e-13	1	0	0	14	5877
PR01136	CONNEXINA6	1.00000000000074	7.3769853073391e-13	1	0	0	14	5877
PR01841	WNT1PROTEIN	1.00000000000074	7.3769853073391e-13	1	0	0	14	5877
PR00392	PROFILIN	1.00000000000074	7.3769853073391e-13	1	0	0	14	5877
PR00128	COLIPASE	1.00000000000074	7.3769853073391e-13	1	0	0	14	5877
PR00591	SOMATOSTTN5R	1.00000000000074	7.3769853073391e-13	1	0	0	14	5877
PR01066	P2Y4PRNOCPTR	1.00000000000074	7.3769853073391e-13	1	0	0	14	5877
PR01827	YKINASETYK2	1.00000000000074	7.3769853073391e-13	1	0	0	14	5877
PR01383	CLAUDIN10	1.00000000000074	7.3769853073391e-13	1	0	0	14	5877
PR01886	PASS1	1.00000000000074	7.3769853073391e-13	1	0	0	14	5877
PR01870	CD2ANTIGEN	1.00000000000074	7.3769853073391e-13	1	0	0	14	5877
PR01981	IGFBPFAMILY5	1.00000000000074	7.3769853073391e-13	1	0	0	14	5877
PR01474	VCAM1	1.00000000000074	7.3769853073391e-13	1	0	0	14	5877
PR01902	CYSLT1RECPTR	1.00000000000074	7.3769853073391e-13	1	0	0	14	5877
PR01196	GAT2TRNSPORT	1.00000000000074	7.3769853073391e-13	1	0	0	14	5877
PR00637	BOMBESIN3R	1.00000000000074	7.3769853073391e-13	1	0	0	14	5877
PR01781	LATPROTEIN	1.00000000000074	7.3769853073391e-13	1	0	0	14	5877
PR01859	ADAMTS2	1.00000000000074	7.3769853073391e-13	1	0	0	14	5877
PR00744	GLHYDRLASE37	1.00000000000074	7.3769853073391e-13	1	0	0	14	5877
PR01204	GLY1TRNSPORT	1.00000000000074	7.3769853073391e-13	1	0	0	14	5877
PR01134	CONNEXINA4	1.00000000000074	7.3769853073391e-13	1	0	0	14	5877
PR01089	NEUREGULIN	1.00000000000074	7.3769853073391e-13	1	0	0	14	5877
PR00538	MUSCRINICM1R	1.00000000000074	7.3769853073391e-13	1	0	0	14	5877
PR00982	TRNASYNTHLYS	1.00000000000074	7.3769853073391e-13	1	0	0	14	5877
PR00706	PYROGLUPTASE	1.00000000000074	7.3769853073391e-13	1	0	0	14	5877
PR01058	MTABOTROPC8R	1.00000000000074	7.3769853073391e-13	1	0	0	14	5877
PR01969	TNFACTORR19	1.00000000000074	7.3769853073391e-13	1	0	0	14	5877
PR01872	CLAUDIN12	1.00000000000074	7.3769853073391e-13	1	0	0	14	5877
PR01332	KIR62CHANNEL	1.00000000000074	7.3769853073391e-13	1	0	0	14	5877
PR00856	PRSTNOIDIPR	1.00000000000074	7.3769853073391e-13	1	0	0	14	5877
PR01696	LCACHANNELB3	1.00000000000074	7.3769853073391e-13	1	0	0	14	5877
PR00515	5HT1FRECEPTR	1.00000000000074	7.3769853073391e-13	1	0	0	14	5877
PR00547	XOPIOIDR	1.00000000000074	7.3769853073391e-13	1	0	0	14	5877
PR01668	NEUROTENSIN	1.00000000000074	7.3769853073391e-13	1	0	0	14	5877
PR01663	MCMPROTEIN7	1.00000000000074	7.3769853073391e-13	1	0	0	14	5877
PR01493	KV8CHANNEL	1.00000000000074	7.3769853073391e-13	1	0	0	14	5877
PR01864	APOPREGBCLX	1.00000000000074	7.3769853073391e-13	1	0	0	14	5877
PR01029	PENKAPRCRSR	1.00000000000074	7.3769853073391e-13	1	0	0	14	5877
PR00585	PRSTNOIDE33R	1.00000000000074	7.3769853073391e-13	1	0	0	14	5877
PR00215	NEUROMODULIN	1.00000000000074	7.3769853073391e-13	1	0	0	14	5877
PR00720	MAMMALPTPASE	1.00000000000074	7.3769853073391e-13	1	0	0	14	5877
PR01478	LTB2RECEPTOR	1.00000000000074	7.3769853073391e-13	1	0	0	14	5877
PR01061	MELNOCORTN3R	1.00000000000074	7.3769853073391e-13	1	0	0	14	5877
PR00569	DOPAMINED4R	1.00000000000074	7.3769853073391e-13	1	0	0	14	5877
PR02085	POLR2GRINL1	1.00000000000074	7.3769853073391e-13	1	0	0	14	5877
PR01485	THROMBOPTN	1.00000000000074	7.3769853073391e-13	1	0	0	14	5877
PR01767	ECACCHANNEL2	1.00000000000074	7.3769853073391e-13	1	0	0	14	5877
PR00646	RDC1ORPHANR	1.00000000000074	7.3769853073391e-13	1	0	0	14	5877
PR01711	AIREGULATOR	1.00000000000074	7.3769853073391e-13	1	0	0	14	5877
PR02106	INTSUBUNIT10	1.00000000000074	7.3769853073391e-13	1	0	0	14	5877
PR00586	PRSTNOIDEP4R	1.00000000000074	7.3769853073391e-13	1	0	0	14	5877
PR02098	HYLETHALUSS1	1.00000000000074	7.3769853073391e-13	1	0	0	14	5877
PR01606	KCNE3CHANNEL	1.00000000000074	7.3769853073391e-13	1	0	0	14	5877
PR02089	HAUSAUGMINL3	1.00000000000074	7.3769853073391e-13	1	0	0	14	5877
PR01508	KV11CHANNEL	1.00000000000074	7.3769853073391e-13	1	0	0	14	5877
PR00575	OPSINREDGRN	1.00000000000074	7.3769853073391e-13	1	0	0	14	5877
PR01719	MHCIIACTVATR	1.00000000000074	7.3769853073391e-13	1	0	0	14	5877
PR02065	PROTEINDPCD	1.00000000000074	7.3769853073391e-13	1	0	0	14	5877
PR01975	TNFACTORR11B	1.00000000000074	7.3769853073391e-13	1	0	0	14	5877
PR01291	PROXISOMPAGR	1.00000000000074	7.3769853073391e-13	1	0	0	14	5877
PR01200	TAUTRANSPORT	1.00000000000074	7.3769853073391e-13	1	0	0	14	5877
PR00713	CNATPEPTIDE	1.00000000000074	7.3769853073391e-13	1	0	0	14	5877
PR01845	WNT6PROTEIN	1.00000000000074	7.3769853073391e-13	1	0	0	14	5877
PR02072	4JOINTEDBOX1	1.00000000000074	7.3769853073391e-13	1	0	0	14	5877
PR01074	PRESENILIN2	1.00000000000074	7.3769853073391e-13	1	0	0	14	5877
PR00273	GALANIN	1.00000000000074	7.3769853073391e-13	1	0	0	14	5877
PR00136	LACTALBUMIN	1.00000000000074	7.3769853073391e-13	1	0	0	14	5877
PR01329	KIR33CHANNEL	1.00000000000074	7.3769853073391e-13	1	0	0	14	5877
PR01623	GABAARGAMMA3	1.00000000000074	7.3769853073391e-13	1	0	0	14	5877
PR01199	CRTTRANSPORT	1.00000000000074	7.3769853073391e-13	1	0	0	14	5877
PR01621	GABAARGAMMA1	1.00000000000074	7.3769853073391e-13	1	0	0	14	5877
PR01947	INTLKN15MAML	1.00000000000074	7.3769853073391e-13	1	0	0	14	5877
PR01551	SPO11HOMOLOG	1.00000000000074	7.3769853073391e-13	1	0	0	14	5877
PR01648	TRPCHANNEL7	1.00000000000074	7.3769853073391e-13	1	0	0	14	5877
PR01661	MCMPROTEIN5	1.00000000000074	7.3769853073391e-13	1	0	0	14	5877
PR01056	MTABOTROPC6R	1.00000000000074	7.3769853073391e-13	1	0	0	14	5877
PR01230	NACLTRNSPORT	1.00000000000074	7.3769853073391e-13	1	0	0	14	5877
PR00662	G6PISOMERASE	1.00000000000074	7.3769853073391e-13	1	0	0	14	5877
PR01665	NACHANNEL4	1.00000000000074	7.3769853073391e-13	1	0	0	14	5877
PR01319	GDNFRALPHA3	1.00000000000074	7.3769853073391e-13	1	0	0	14	5877
PR01582	KV33CHANNEL	1.00000000000074	7.3769853073391e-13	1	0	0	14	5877
PR00341	PRION	1.00000000000074	7.3769853073391e-13	1	0	0	14	5877
PR00274	GLYCOHORMONE	1.00000000000074	7.3769853073391e-13	1	0	0	14	5877
PR01417	GHSRECEPTOR	1.00000000000074	7.3769853073391e-13	1	0	0	14	5877
PR00994	BRADYKINNB2R	1.00000000000074	7.3769853073391e-13	1	0	0	14	5877
PR01740	SEPTIN2	1.00000000000074	7.3769853073391e-13	1	0	0	14	5877
PR01716	DEATHASSOCP3	1.00000000000074	7.3769853073391e-13	1	0	0	14	5877
PR01709	5HT3ARECEPTR	1.00000000000074	7.3769853073391e-13	1	0	0	14	5877
PR02006	INSLNLIKEGF2	1.00000000000074	7.3769853073391e-13	1	0	0	14	5877
PR00852	XRODRMPGMNTD	1.00000000000074	7.3769853073391e-13	1	0	0	14	5877
PR01193	GLUCTRSPORT4	1.00000000000074	7.3769853073391e-13	1	0	0	14	5877
PR01905	FATTYACIDR	1.00000000000074	7.3769853073391e-13	1	0	0	14	5877
PR01550	TOP6AFAMILY	1.00000000000074	7.3769853073391e-13	1	0	0	14	5877
PR00855	PRSTNOIDFPR	1.00000000000074	7.3769853073391e-13	1	0	0	14	5877
PR01258	OCCLUDIN	1.00000000000074	7.3769853073391e-13	1	0	0	14	5877
PR01957	EP450ICYP2F	1.00000000000074	7.3769853073391e-13	1	0	0	14	5877
PR01977	IGFBPFAMILY1	1.00000000000074	7.3769853073391e-13	1	0	0	14	5877
PR00272	ERYTHROPTN	1.00000000000074	7.3769853073391e-13	1	0	0	14	5877
PR01906	FISHGLOBIN	1.00000000000074	7.3769853073391e-13	1	0	0	14	5877
PR00790	PAMONOXGNASE	1.00000000000074	7.3769853073391e-13	1	0	0	14	5877
PR00216	OSTEOPONTIN	1.00000000000074	7.3769853073391e-13	1	0	0	14	5877
PR00151	PORPHBDMNASE	1.00000000000074	7.3769853073391e-13	1	0	0	14	5877
PR02057	PROTEINF105B	1.00000000000074	7.3769853073391e-13	1	0	0	14	5877
PR00990	RIBOKINASE	1.00000000000074	7.3769853073391e-13	1	0	0	14	5877
PR01564	OGR1RECEPTOR	1.00000000000074	7.3769853073391e-13	1	0	0	14	5877
PR01352	GHRHRECEPTOR	1.00000000000074	7.3769853073391e-13	1	0	0	14	5877
PR01365	TELOMERASERT	1.00000000000074	7.3769853073391e-13	1	0	0	14	5877
PR02061	WOLFRAMIN	1.00000000000074	7.3769853073391e-13	1	0	0	14	5877
PR00898	VASOPRSNV2R	1.00000000000074	7.3769853073391e-13	1	0	0	14	5877
PR00751	THYROLIBRINR	1.00000000000074	7.3769853073391e-13	1	0	0	14	5877
PR01690	TASK5CHANNEL	1.00000000000074	7.3769853073391e-13	1	0	0	14	5877
PR01919	TNFACTORR1B	1.00000000000074	7.3769853073391e-13	1	0	0	14	5877
PR01572	NPFFRECEPTR2	1.00000000000074	7.3769853073391e-13	1	0	0	14	5877
PR00904	FRATAXIN	1.00000000000074	7.3769853073391e-13	1	0	0	14	5877
PR00494	FANCONICGENE	1.00000000000074	7.3769853073391e-13	1	0	0	14	5877
PR01419	GALANIN2R	1.00000000000074	7.3769853073391e-13	1	0	0	14	5877
PR01113	CLCHANNEL2	1.00000000000074	7.3769853073391e-13	1	0	0	14	5877
PR01831	TRACEAMINE1R	1.00000000000074	7.3769853073391e-13	1	0	0	14	5877
PR01918	TNFACTORR1A	1.00000000000074	7.3769853073391e-13	1	0	0	14	5877
PR02056	PROTEINF105A	1.00000000000074	7.3769853073391e-13	1	0	0	14	5877
PR01531	CHEMOKINER9	1.00000000000074	7.3769853073391e-13	1	0	0	14	5877
PR01313	P2X6RECEPTOR	1.00000000000074	7.3769853073391e-13	1	0	0	14	5877
PR00531	HISTAMINEH2R	1.00000000000074	7.3769853073391e-13	1	0	0	14	5877
PR00854	PRSTNOIDDPR	1.00000000000074	7.3769853073391e-13	1	0	0	14	5877
PR01821	DAPIT	1.00000000000074	7.3769853073391e-13	1	0	0	14	5877
PR01330	KIR34CHANNEL	1.00000000000074	7.3769853073391e-13	1	0	0	14	5877
PR01189	ANIONEXHNGR3	1.00000000000074	7.3769853073391e-13	1	0	0	14	5877
PR00432	INTERLEUKIN5	1.00000000000074	7.3769853073391e-13	1	0	0	14	5877
PR01600	ZONOCCLUDNS3	1.00000000000074	7.3769853073391e-13	1	0	0	14	5877
PR00486	UTEROGLOBIN	1.00000000000074	7.3769853073391e-13	1	0	0	14	5877
PR01323	KIR13CHANNEL	1.00000000000074	7.3769853073391e-13	1	0	0	14	5877
PR01649	PSYCHOSINER	1.00000000000074	7.3769853073391e-13	1	0	0	14	5877
PR00170	NACHANNEL	1.00000000000175	1.7469944884821e-12	10	0	0	14	5877
PR00023	ZPELLUCIDA	1.00000000000175	1.7469944884821e-12	10	0	0	14	5877
PR00376	IL1BCENZYME	1.00000000000175	1.7469944884821e-12	10	0	0	14	5877
PR00888	SM22CALPONIN	1.00000000000175	1.7469944884821e-12	10	0	0	14	5877
PR01231	HCO3TRNSPORT	1.00000000000175	1.7469944884821e-12	10	0	0	14	5877
PR00111	ABHYDROLASE	1.00000000000175	1.7469944884821e-12	10	0	0	14	5877
PR01764	MAPKPHPHTASE	1.00000000000175	1.7469944884821e-12	10	0	0	14	5877
PR01101	5HTRECEPTOR	1.00000000000175	1.7469944884821e-12	10	0	0	14	5877
PR00669	INHIBINA	1.00000000000175	1.7469944884821e-12	10	0	0	14	5877
PR00723	SUBTILISIN	1.00000000000175	1.7469944884821e-12	10	0	0	14	5877
PR00304	TCOMPLEXTCP1	1.00000000000175	1.7469944884821e-12	10	0	0	14	5877
PR00756	ALADIPTASE	1.00000000000175	1.7469944884821e-12	10	0	0	14	5877
PR00371	FPNCR	1.00000000000175	1.7469944884821e-12	10	0	0	14	5877
PR00792	PEPSIN	1.00000000000175	1.7469944884821e-12	10	0	0	14	5877
PR01265	LINKMODULE	1.00000000000175	1.7469944884821e-12	10	0	0	14	5877
PR00503	BROMODOMAIN	1.00000000000178	1.77762070292982e-12	32	0	0	14	5877
PR00205	CADHERIN	1.00000000000189	1.89339024965722e-12	116	0	0	14	5877
PR01535	VOMERONASL2R	1.00000000000189	1.89339024965722e-12	116	0	0	14	5877
PR01415	ANKYRIN	1.00000000000246	2.45582484338202e-12	88	0	0	14	5877
PR00047	STROIDFINGER	1.00000000000279	2.79225237433293e-12	47	0	0	14	5877
PR00398	STRDHORMONER	1.00000000000279	2.79225237433293e-12	47	0	0	14	5877
PR01259	NACAEXCHNGR	1.00000000000292	2.92246203938487e-12	3	0	0	14	5877
PR00043	LEUZIPPRJUN	1.00000000000292	2.92246203938487e-12	3	0	0	14	5877
PR02034	LIVERXRECPTR	1.00000000000292	2.92246203938487e-12	3	0	0	14	5877
PR00168	KCNECHANNEL	1.00000000000292	2.92246203938487e-12	3	0	0	14	5877
PR01090	NEUROLIGIN	1.00000000000292	2.92246203938487e-12	3	0	0	14	5877
PR01807	ANGIOMOTIN	1.00000000000292	2.92246203938487e-12	3	0	0	14	5877
PR00358	BOMBESINR	1.00000000000292	2.92246203938487e-12	3	0	0	14	5877
PR01251	AMPHIPHYSIN	1.00000000000292	2.92246203938487e-12	3	0	0	14	5877
PR00929	ATHOOK	1.00000000000292	2.92246203938487e-12	3	0	0	14	5877
PR00068	CUZNDISMTASE	1.00000000000292	2.92246203938487e-12	3	0	0	14	5877
PR01047	TRNASYNTHTHR	1.00000000000292	2.92246203938487e-12	3	0	0	14	5877
PR00644	GPRORPHANR	1.00000000000292	2.92246203938487e-12	3	0	0	14	5877
PR01160	GABAARBETA	1.00000000000292	2.92246203938487e-12	3	0	0	14	5877
PR01423	TGFBETA	1.00000000000292	2.92246203938487e-12	3	0	0	14	5877
PR00857	MELATONINR	1.00000000000292	2.92246203938487e-12	3	0	0	14	5877
PR02107	INOS145TPRIP	1.00000000000292	2.92246203938487e-12	3	0	0	14	5877
PR00148	ENOLASE	1.00000000000292	2.92246203938487e-12	3	0	0	14	5877
PR00492	RHOGDI	1.00000000000292	2.92246203938487e-12	3	0	0	14	5877
PR01497	SHALCHANNEL	1.00000000000292	2.92246203938487e-12	3	0	0	14	5877
PR00791	PEPDIPTASEA	1.00000000000292	2.92246203938487e-12	3	0	0	14	5877
PR00680	PTREFOIL	1.00000000000292	2.92246203938487e-12	3	0	0	14	5877
PR01939	NTKRECEPTOR	1.00000000000292	2.92246203938487e-12	3	0	0	14	5877
PR01797	SAPOSIN	1.00000000000292	2.92246203938487e-12	3	0	0	14	5877
PR01211	SYNUCLEIN	1.00000000000292	2.92246203938487e-12	3	0	0	14	5877
PR01293	RORNUCRECPTR	1.00000000000292	2.92246203938487e-12	3	0	0	14	5877
PR01574	TUBBYPROTEIN	1.00000000000292	2.92246203938487e-12	3	0	0	14	5877
PR00838	V5ALLERGEN	1.00000000000292	2.92246203938487e-12	3	0	0	14	5877
PR00092	TYROSINASE	1.00000000000292	2.92246203938487e-12	3	0	0	14	5877
PR01288	PROXISOMEPAR	1.00000000000292	2.92246203938487e-12	3	0	0	14	5877
PR00006	COFILIN	1.00000000000292	2.92246203938487e-12	3	0	0	14	5877
PR00799	TRANSAMINASE	1.00000000000292	2.92246203938487e-12	3	0	0	14	5877
PR00987	TRNASYNTHGLU	1.00000000000292	2.92246203938487e-12	3	0	0	14	5877
PR00988	URIDINKINASE	1.00000000000292	2.92246203938487e-12	3	0	0	14	5877
PR00823	PANCLIPASE	1.00000000000292	2.92246203938487e-12	3	0	0	14	5877
PR00029	OCTAMER	1.00000000000292	2.92246203938487e-12	3	0	0	14	5877
PR00967	ONCOGENEAML1	1.00000000000292	2.92246203938487e-12	3	0	0	14	5877
PR01950	LANCSUPER	1.00000000000292	2.92246203938487e-12	3	0	0	14	5877
PR00795	RYANODINER	1.00000000000292	2.92246203938487e-12	3	0	0	14	5877
PR01629	TVDCCALPHA1	1.00000000000292	2.92246203938487e-12	3	0	0	14	5877
PR01577	KCNABCHANNEL	1.00000000000292	2.92246203938487e-12	3	0	0	14	5877
PR00686	TIFACTORIID	1.00000000000292	2.92246203938487e-12	3	0	0	14	5877
PR01422	GPR56ORPHANR	1.00000000000292	2.92246203938487e-12	3	0	0	14	5877
PR00106	DNAPOLB	1.00000000000292	2.92246203938487e-12	3	0	0	14	5877
PR02031	CYSSERRICHNP	1.00000000000292	2.92246203938487e-12	3	0	0	14	5877
PR01444	LATROPHILIN	1.00000000000292	2.92246203938487e-12	3	0	0	14	5877
PR00724	CRBOXYPTASEC	1.00000000000292	2.92246203938487e-12	3	0	0	14	5877
PR00365	ENDOTHELIN	1.00000000000292	2.92246203938487e-12	3	0	0	14	5877
PR00244	NEUROKININR	1.00000000000292	2.92246203938487e-12	3	0	0	14	5877
PR00185	EUKARYTPORIN	1.00000000000292	2.92246203938487e-12	3	0	0	14	5877
PR00214	MYELINPLP	1.00000000000292	2.92246203938487e-12	3	0	0	14	5877
PR00545	RETINOIDXR	1.00000000000292	2.92246203938487e-12	3	0	0	14	5877
PR01406	BBOXZNFINGER	1.00000000000292	2.92246203938487e-12	3	0	0	14	5877
PR01088	NAHEXCHNGR6	1.00000000000292	2.92246203938487e-12	3	0	0	14	5877
PR00488	5LPOXGNASEAP	1.00000000000292	2.92246203938487e-12	3	0	0	14	5877
PR01451	SKCHANNEL	1.00000000000292	2.92246203938487e-12	3	0	0	14	5877
PR00072	MALOXRDTASE	1.00000000000292	2.92246203938487e-12	3	0	0	14	5877
PR00803	AFETOPROTEIN	1.00000000000292	2.92246203938487e-12	3	0	0	14	5877
PR00302	LUPUSLA	1.00000000000292	2.92246203938487e-12	3	0	0	14	5877
PR01760	DISHEVELLED	1.00000000000292	2.92246203938487e-12	3	0	0	14	5877
PR01785	PARAOXONASE	1.00000000000292	2.92246203938487e-12	3	0	0	14	5877
PR00779	INSP3RECEPTR	1.00000000000292	2.92246203938487e-12	3	0	0	14	5877
PR01904	GPR40FAMILY	1.00000000000292	2.92246203938487e-12	3	0	0	14	5877
PR01951	LANCEUKARYTE	1.00000000000292	2.92246203938487e-12	3	0	0	14	5877
PR00679	PROHIBITIN	1.00000000000292	2.92246203938487e-12	3	0	0	14	5877
PR01694	BAIPRECURSOR	1.00000000000292	2.92246203938487e-12	3	0	0	14	5877
PR00296	CYCLINKINASE	1.00000000000292	2.92246203938487e-12	3	0	0	14	5877
PR00191	FACTINCAPA	1.00000000000292	2.92246203938487e-12	3	0	0	14	5877
PR00627	GTPRANTC4	1.00000000000292	2.92246203938487e-12	3	0	0	14	5877
PR00203	AMYLOIDA4	1.00000000000292	2.92246203938487e-12	3	0	0	14	5877
PR00124	ATPASEC	1.00000000000292	2.92246203938487e-12	3	0	0	14	5877
PR00660	ERLUMENR	1.00000000000292	2.92246203938487e-12	3	0	0	14	5877
PR01778	KIMPTPASE	1.00000000000292	2.92246203938487e-12	3	0	0	14	5877
PR00767	DBMONOXGNASE	1.00000000000292	2.92246203938487e-12	3	0	0	14	5877
PR00476	PHFRCTKINASE	1.00000000000292	2.92246203938487e-12	3	0	0	14	5877
PR00663	GALANINR	1.00000000000292	2.92246203938487e-12	3	0	0	14	5877
PR00386	P53SUPPRESSR	1.00000000000292	2.92246203938487e-12	3	0	0	14	5877
PR00881	L7ARS6FAMILY	1.00000000000292	2.92246203938487e-12	3	0	0	14	5877
PR01465	ELKCHANNEL	1.00000000000292	2.92246203938487e-12	3	0	0	14	5877
PR01772	JNKMAPKINASE	1.00000000000292	2.92246203938487e-12	3	0	0	14	5877
PR01368	SYNAPSIN	1.00000000000292	2.92246203938487e-12	3	0	0	14	5877
PR01597	ZONOCCLUDNS	1.00000000000292	2.92246203938487e-12	3	0	0	14	5877
PR00343	SELECTIN	1.00000000000292	2.92246203938487e-12	3	0	0	14	5877
PR00716	MPIPHPHTASE	1.00000000000292	2.92246203938487e-12	3	0	0	14	5877
PR01470	ERGCHANNEL	1.00000000000292	2.92246203938487e-12	3	0	0	14	5877
PR01743	SSDNABINDING	1.00000000000292	2.92246203938487e-12	3	0	0	14	5877
PR01125	FMOXYGENASE5	1.00000000000292	2.92246203938487e-12	3	0	0	14	5877
PR01028	OPIOIDPRCRSR	1.00000000000292	2.92246203938487e-12	3	0	0	14	5877
PR01268	GSTRNSFRASEP	1.00000000000292	2.92246203938487e-12	3	0	0	14	5877
PR00149	FUMRATELYASE	1.00000000000292	2.92246203938487e-12	3	0	0	14	5877
PR01875	ETOFAMILY	1.00000000000292	2.92246203938487e-12	3	0	0	14	5877
PR00632	SONICHHOG	1.00000000000292	2.92246203938487e-12	3	0	0	14	5877
PR00599	MAPEPTIDASE	1.00000000000292	2.92246203938487e-12	3	0	0	14	5877
PR00415	ACONITASE	1.00000000000292	2.92246203938487e-12	3	0	0	14	5877
PR01284	NUCLEARECPTR	1.00000000000292	2.92246203938487e-12	3	0	0	14	5877
PR00708	A1AGLPROTEIN	1.00000000000292	2.92246203938487e-12	3	0	0	14	5877
PR00469	PNDRDTASEII	1.00000000000292	2.92246203938487e-12	3	0	0	14	5877
PR00278	PANCHORMONE	1.00000000000292	2.92246203938487e-12	3	0	0	14	5877
PR00079	G6PDHDRGNASE	1.00000000000292	2.92246203938487e-12	3	0	0	14	5877
PR01620	GABAARGAMMA	1.00000000000292	2.92246203938487e-12	3	0	0	14	5877
PR01586	TWIKCHANNEL	1.00000000000292	2.92246203938487e-12	3	0	0	14	5877
PR02044	FIBROSIN1LPF	1.00000000000292	2.92246203938487e-12	3	0	0	14	5877
PR00927	ADPTRNSLCASE	1.00000000000292	2.92246203938487e-12	3	0	0	14	5877
PR01609	CD36FAMILY	1.00000000000292	2.92246203938487e-12	3	0	0	14	5877
PR01527	LPARECEPTOR	1.00000000000292	2.92246203938487e-12	3	0	0	14	5877
PR01639	PROFILINMAML	1.00000000000292	2.92246203938487e-12	3	0	0	14	5877
PR01543	ANATRNSFRASE	1.00000000000292	2.92246203938487e-12	3	0	0	14	5877
PR00413	HADHALOGNASE	1.00000000000292	2.92246203938487e-12	3	0	0	14	5877
PR00165	ANIONEXCHNGR	1.00000000000292	2.92246203938487e-12	3	0	0	14	5877
PR00535	MELNOCORTINR	1.00000000000292	2.92246203938487e-12	3	0	0	14	5877
PR00116	ARGINASE	1.00000000000292	2.92246203938487e-12	3	0	0	14	5877
PR00705	PAPAIN	1.00000000000319	3.18535853747446e-12	21	0	0	14	5877
PR00262	IL1HBGF	1.00000000000335	3.34962725220854e-12	22	0	0	14	5877
PR01301	RGSPROTEIN	1.00000000000335	3.34962725220854e-12	22	0	0	14	5877
PR00261	LDLRECEPTOR	1.00000000000335	3.34962725220854e-12	22	0	0	14	5877
PR01221	MAJORURINARY	1.00000000000335	3.34962725220854e-12	22	0	0	14	5877
PR00794	RIBONUCLEASE	1.00000000000335	3.34962725220854e-12	22	0	0	14	5877
PR01534	VOMERONASL1R	1.00000000000343	3.43085065060592e-12	111	0	0	14	5877
PR00248	GPCRMGR	1.00000000000379	3.78707865624149e-12	137	0	0	14	5877
PR00360	C2DOMAIN	1.00000000000382	3.81580736120015e-12	25	0	0	14	5877
PR00206	CONNEXIN	1.0000000000043	4.29761074647843e-12	20	0	0	14	5877
PR00176	NANEUSMPORT	1.0000000000043	4.29761074647843e-12	20	0	0	14	5877
PR00836	SOMATOTROPIN	1.0000000000043	4.29761074647843e-12	20	0	0	14	5877
PR00258	SPERACTRCPTR	1.0000000000043	4.29761074647843e-12	20	0	0	14	5877
PR02108	MRGPCRFAMILY	1.0000000000043	4.29761074647843e-12	20	0	0	14	5877
PR00024	HOMEOBOX	1.00000000000483	4.82640822053884e-12	90	0	0	14	5877
PR00193	MYOSINHEAVY	1.00000000000484	4.84371033378699e-12	38	0	0	14	5877
PR01638	MHCCLASSI	1.00000000000542	5.42223323760348e-12	39	0	0	14	5877
PR00080	SDRFAMILY	1.00000000000568	5.67841373728761e-12	44	0	0	14	5877
PR00624	HISTONEH5	1.00000000000594	5.93898332543145e-12	9	0	0	14	5877
PR00762	CLCHANNEL	1.00000000000594	5.93898332543145e-12	9	0	0	14	5877
PR00465	EP450IV	1.00000000000594	5.93898332543145e-12	9	0	0	14	5877
PR01084	NAHEXCHNGR	1.00000000000594	5.93898332543145e-12	9	0	0	14	5877
PR00457	ANPEROXIDASE	1.00000000000594	5.93898332543145e-12	9	0	0	14	5877
PR01887	SPECTRNALPHA	1.00000000000594	5.93898332543145e-12	9	0	0	14	5877
PR00135	LYZLACT	1.00000000000594	5.93898332543145e-12	9	0	0	14	5877
PR01103	ADRENERGICR	1.00000000000594	5.93898332543145e-12	9	0	0	14	5877
PR00821	TAGLIPASE	1.00000000000594	5.93898332543145e-12	9	0	0	14	5877
PR00464	EP450II	1.00000000000594	5.93898332543145e-12	9	0	0	14	5877
PR00027	PAIREDBOX	1.00000000000594	5.93898332543145e-12	9	0	0	14	5877
PR00389	PHPHLIPASEA2	1.00000000000594	5.93898332543145e-12	9	0	0	14	5877
PR00370	FMOXYGENASE	1.00000000000594	5.93898332543145e-12	9	0	0	14	5877
PR00412	EPOXHYDRLASE	1.00000000000594	5.93898332543145e-12	9	0	0	14	5877
PR00167	CACHANNEL	1.00000000000594	5.93898332543145e-12	9	0	0	14	5877
PR01186	INTEGRINB	1.00000000000594	5.93898332543145e-12	9	0	0	14	5877
PR00020	MAMDOMAIN	1.00000000000594	5.93898332543145e-12	9	0	0	14	5877
PR00180	CRETINALDHBP	1.00000000000594	5.93898332543145e-12	9	0	0	14	5877
PR00267	INTFRNREGFCT	1.00000000000594	5.93898332543145e-12	9	0	0	14	5877
PR00385	P450	1.00000000000647	6.46679344138165e-12	95	0	0	14	5877
PR00081	GDHRDH	1.00000000000655	6.54675347073682e-12	56	0	0	14	5877
PR00700	PRTYPHPHTASE	1.00000000000688	6.87838304616349e-12	37	0	0	14	5877
PR00177	NMDARECEPTOR	1.00000000000706	7.05952099473345e-12	18	0	0	14	5877
PR01185	INTEGRINA	1.00000000000706	7.05952099473345e-12	18	0	0	14	5877
PR00179	LIPOCALIN	1.00000000000765	7.64869905920611e-12	28	0	0	14	5877
PR00031	HTHREPRESSR	1.00000000000765	7.64869905920611e-12	28	0	0	14	5877
PR00328	SAR1GTPBP	1.00000000000765	7.64869905920611e-12	28	0	0	14	5877
PR00463	EP450I	1.00000000000772	7.72378242627042e-12	81	0	0	14	5877
PR00053	FORKHEAD	1.00000000000825	8.24719263833704e-12	45	0	0	14	5877
PR00178	FATTYACIDBP	1.00000000000847	8.46537125610082e-12	15	0	0	14	5877
PR01830	TRACEAMINER	1.00000000000847	8.46537125610082e-12	15	0	0	14	5877
PR00028	POUDOMAIN	1.00000000000847	8.46537125610082e-12	15	0	0	14	5877
PR00390	PHPHLIPASEC	1.00000000000847	8.46537125610082e-12	15	0	0	14	5877
PR01320	KIRCHANNEL	1.00000000000847	8.46537125610082e-12	15	0	0	14	5877
PR01349	WNTPROTEIN	1.00000000001345	1.3449351521004e-11	19	0	0	14	5877
PR00190	ACTIN	1.00000000001345	1.3449351521004e-11	19	0	0	14	5877
PR00759	BASICPTASE	1.00000000001345	1.3449351521004e-11	19	0	0	14	5877
PR00387	PDIESTERASE1	1.00000000001345	1.3449351521004e-11	19	0	0	14	5877
PR01670	GABAARRHO	1.00000000001363	1.36330730199656e-11	2	0	0	14	5877
PR00275	GLUCAGON	1.00000000001363	1.36330730199656e-11	2	0	0	14	5877
PR02084	GOLM1CASC4	1.00000000001363	1.36330730199656e-11	2	0	0	14	5877
PR01588	THIKCHANNEL	1.00000000001363	1.36330730199656e-11	2	0	0	14	5877
PR00160	GLUTAREDOXIN	1.00000000001363	1.36330730199656e-11	2	0	0	14	5877
PR01476	LTBRECEPTOR	1.00000000001363	1.36330730199656e-11	2	0	0	14	5877
PR01770	ERK1ERK2MAPK	1.00000000001363	1.36330730199656e-11	2	0	0	14	5877
PR00740	GLHYDRLASE27	1.00000000001363	1.36330730199656e-11	2	0	0	14	5877
PR01991	GPR153GPR162	1.00000000001363	1.36330730199656e-11	2	0	0	14	5877
PR01450	BKCHANNELB	1.00000000001363	1.36330730199656e-11	2	0	0	14	5877
PR00983	TRNASYNTHCYS	1.00000000001363	1.36330730199656e-11	2	0	0	14	5877
PR00770	EMAJORBASICP	1.00000000001363	1.36330730199656e-11	2	0	0	14	5877
PR00980	TRNASYNTHALA	1.00000000001363	1.36330730199656e-11	2	0	0	14	5877
PR01255	OTXHOMEOBOX	1.00000000001363	1.36330730199656e-11	2	0	0	14	5877
PR00862	PROLIGOPTASE	1.00000000001363	1.36330730199656e-11	2	0	0	14	5877
PR01254	PGNDSYNTHASE	1.00000000001363	1.36330730199656e-11	2	0	0	14	5877
PR00828	FORMIN	1.00000000001363	1.36330730199656e-11	2	0	0	14	5877
PR00312	CALSEQUESTRN	1.00000000001363	1.36330730199656e-11	2	0	0	14	5877
PR00418	TPI2FAMILY	1.00000000001363	1.36330730199656e-11	2	0	0	14	5877
PR01041	TRNASYNTHMET	1.00000000001363	1.36330730199656e-11	2	0	0	14	5877
PR00677	PHOSDUCIN	1.00000000001363	1.36330730199656e-11	2	0	0	14	5877
PR00366	ENDOTHELINR	1.00000000001363	1.36330730199656e-11	2	0	0	14	5877
PR00104	CGMPKINASE	1.00000000001363	1.36330730199656e-11	2	0	0	14	5877
PR02002	INSLNLIKEGF	1.00000000001363	1.36330730199656e-11	2	0	0	14	5877
PR00408	MITP450	1.00000000001363	1.36330730199656e-11	2	0	0	14	5877
PR00112	ACYLPHPHTASE	1.00000000001363	1.36330730199656e-11	2	0	0	14	5877
PR00477	PHGLYCKINASE	1.00000000001363	1.36330730199656e-11	2	0	0	14	5877
PR00822	LIPOLIPASE	1.00000000001363	1.36330730199656e-11	2	0	0	14	5877
PR00377	IMPHPHTASES	1.00000000001363	1.36330730199656e-11	2	0	0	14	5877
PR02094	HEXIMFAMILY	1.00000000001363	1.36330730199656e-11	2	0	0	14	5877
PR01072	PRESENILIN	1.00000000001363	1.36330730199656e-11	2	0	0	14	5877
PR01612	CRFFAMILY	1.00000000001363	1.36330730199656e-11	2	0	0	14	5877
PR01873	CYTCOXIDASE4	1.00000000001363	1.36330730199656e-11	2	0	0	14	5877
PR00078	G3PDHDRGNASE	1.00000000001363	1.36330730199656e-11	2	0	0	14	5877
PR00088	HAEMOXYGNASE	1.00000000001363	1.36330730199656e-11	2	0	0	14	5877
PR01104	ANPHYLATOXNR	1.00000000001363	1.36330730199656e-11	2	0	0	14	5877
PR01565	NEUROMEDINUR	1.00000000001363	1.36330730199656e-11	2	0	0	14	5877
PR00433	IL6GCSFMGF	1.00000000001363	1.36330730199656e-11	2	0	0	14	5877
PR01607	APYRASEFAMLY	1.00000000001363	1.36330730199656e-11	2	0	0	14	5877
PR01842	WNT2PROTEIN	1.00000000001363	1.36330730199656e-11	2	0	0	14	5877
PR01064	OREXINR	1.00000000001363	1.36330730199656e-11	2	0	0	14	5877
PR00416	EUTPISMRASEI	1.00000000001363	1.36330730199656e-11	2	0	0	14	5877
PR01936	INTRLEUKIN22	1.00000000001363	1.36330730199656e-11	2	0	0	14	5877
PR01771	ERK3ERK4MAPK	1.00000000001363	1.36330730199656e-11	2	0	0	14	5877
PR00355	ADRENODOXIN	1.00000000001363	1.36330730199656e-11	2	0	0	14	5877
PR00052	FIBRILLARIN	1.00000000001363	1.36330730199656e-11	2	0	0	14	5877
PR00122	VACATPASE	1.00000000001363	1.36330730199656e-11	2	0	0	14	5877
PR01539	INTRLEUKN1R2	1.00000000001363	1.36330730199656e-11	2	0	0	14	5877
PR01350	CTRFAMILY	1.00000000001363	1.36330730199656e-11	2	0	0	14	5877
PR00981	TRNASYNTHSER	1.00000000001363	1.36330730199656e-11	2	0	0	14	5877
PR00984	TRNASYNTHILE	1.00000000001363	1.36330730199656e-11	2	0	0	14	5877
PR00892	RABGDI	1.00000000001363	1.36330730199656e-11	2	0	0	14	5877
PR01086	NAHEXCHNGR2	1.00000000001363	1.36330730199656e-11	2	0	0	14	5877
PR00417	PRTPISMRASEI	1.00000000001363	1.36330730199656e-11	2	0	0	14	5877
PR01421	GPR37ORPHANR	1.00000000001363	1.36330730199656e-11	2	0	0	14	5877
PR01106	CHEMOKINER1	1.00000000001363	1.36330730199656e-11	2	0	0	14	5877
PR00098	CPSASE	1.00000000001363	1.36330730199656e-11	2	0	0	14	5877
PR00426	C5ANPHYLTXNR	1.00000000001363	1.36330730199656e-11	2	0	0	14	5877
PR01570	NPFFRECEPTOR	1.00000000001363	1.36330730199656e-11	2	0	0	14	5877
PR00395	RIBOSOMALS2	1.00000000001363	1.36330730199656e-11	2	0	0	14	5877
PR01503	TREACLE	1.00000000001363	1.36330730199656e-11	2	0	0	14	5877
PR01989	EUOM20RECPTR	1.00000000001363	1.36330730199656e-11	2	0	0	14	5877
PR01357	INTRLEUKN1AB	1.00000000001363	1.36330730199656e-11	2	0	0	14	5877
PR00077	GPDHDRGNASE	1.00000000001363	1.36330730199656e-11	2	0	0	14	5877
PR00893	RABESCORT	1.00000000001363	1.36330730199656e-11	2	0	0	14	5877
PR00351	OM20RECEPTOR	1.00000000001363	1.36330730199656e-11	2	0	0	14	5877
PR00425	BRADYKININR	1.00000000001363	1.36330730199656e-11	2	0	0	14	5877
PR01039	TRNASYNTHTRP	1.00000000001363	1.36330730199656e-11	2	0	0	14	5877
PR00440	GPROTEINA12	1.00000000001363	1.36330730199656e-11	2	0	0	14	5877
PR01739	RELAXINR	1.00000000001363	1.36330730199656e-11	2	0	0	14	5877
PR01479	NEUROTENSINR	1.00000000001363	1.36330730199656e-11	2	0	0	14	5877
PR00773	GRPEPROTEIN	1.00000000001363	1.36330730199656e-11	2	0	0	14	5877
PR00749	LYSOZYMEG	1.00000000001363	1.36330730199656e-11	2	0	0	14	5877
PR00473	GALCTOKINASE	1.00000000001363	1.36330730199656e-11	2	0	0	14	5877
PR01049	PHOSPHBKNASE	1.00000000001363	1.36330730199656e-11	2	0	0	14	5877
PR00026	ENGRAILED	1.00000000001363	1.36330730199656e-11	2	0	0	14	5877
PR01961	TNFACTORR11	1.00000000001363	1.36330730199656e-11	2	0	0	14	5877
PR00277	INSULIN	1.00000000001363	1.36330730199656e-11	2	0	0	14	5877
PR01610	CD36ANTIGEN	1.00000000001363	1.36330730199656e-11	2	0	0	14	5877
PR01683	EP450ICYP1A	1.00000000001363	1.36330730199656e-11	2	0	0	14	5877
PR00659	CHROMOGRANIN	1.00000000001363	1.36330730199656e-11	2	0	0	14	5877
PR00332	HISTRIAD	1.00000000001363	1.36330730199656e-11	2	0	0	14	5877
PR00800	YHDCRBOXLASE	1.00000000001363	1.36330730199656e-11	2	0	0	14	5877
PR00710	NATPEPTIDES	1.00000000001363	1.36330730199656e-11	2	0	0	14	5877
PR01087	NAHEXCHNGR3	1.00000000001363	1.36330730199656e-11	2	0	0	14	5877
PR01838	NCAMFAMILY	1.00000000001363	1.36330730199656e-11	2	0	0	14	5877
PR00930	HIGHMOBLTYIY	1.00000000001363	1.36330730199656e-11	2	0	0	14	5877
PR01449	BKCHANNELA	1.00000000001363	1.36330730199656e-11	2	0	0	14	5877
PR01869	BCATNINFAMLY	1.00000000001363	1.36330730199656e-11	2	0	0	14	5877
PR01464	EAGCHANNEL	1.00000000001363	1.36330730199656e-11	2	0	0	14	5877
PR00143	CITRTSNTHASE	1.00000000001363	1.36330730199656e-11	2	0	0	14	5877
PR01119	CLCHANNELKDY	1.00000000001363	1.36330730199656e-11	2	0	0	14	5877
PR00427	INTRLEUKIN8R	1.00000000001363	1.36330730199656e-11	2	0	0	14	5877
PR01802	SYNEMBRYN	1.00000000001363	1.36330730199656e-11	2	0	0	14	5877
PR00334	KININOGEN	1.00000000001363	1.36330730199656e-11	2	0	0	14	5877
PR01822	CCYSTOKININR	1.00000000001363	1.36330730199656e-11	2	0	0	14	5877
PR00831	NEUROPHYSIN	1.00000000001363	1.36330730199656e-11	2	0	0	14	5877
PR01123	FMOXYGENASE3	1.00000000001363	1.36330730199656e-11	2	0	0	14	5877
PR01815	BACEFAMILY	1.00000000001363	1.36330730199656e-11	2	0	0	14	5877
PR00510	NEBULIN	1.00000000001363	1.36330730199656e-11	2	0	0	14	5877
PR01846	TRHRFAMILY	1.00000000001363	1.36330730199656e-11	2	0	0	14	5877
PR01427	TGFBETA4	1.00000000001363	1.36330730199656e-11	2	0	0	14	5877
PR01432	RABAPTIN	1.00000000001363	1.36330730199656e-11	2	0	0	14	5877
PR00868	DNAPOLI	1.00000000001363	1.36330730199656e-11	2	0	0	14	5877
PR01698	CYTOFMRPINTP	1.00000000001363	1.36330730199656e-11	2	0	0	14	5877
PR01244	PEROPSIN	1.00000000001363	1.36330730199656e-11	2	0	0	14	5877
PR00481	LAMNOPPTDASE	1.00000000001363	1.36330730199656e-11	2	0	0	14	5877
PR01839	RAD23PROTEIN	1.00000000001363	1.36330730199656e-11	2	0	0	14	5877
PR00146	DHPICSNTHASE	1.00000000001363	1.36330730199656e-11	2	0	0	14	5877
PR00100	AOTCASE	1.00000000001363	1.36330730199656e-11	2	0	0	14	5877
PR01473	ICAM	1.00000000001363	1.36330730199656e-11	2	0	0	14	5877
PR01765	ECACCHANNEL	1.00000000001363	1.36330730199656e-11	2	0	0	14	5877
PR00509	PGMPMM	1.00000000001363	1.36330730199656e-11	2	0	0	14	5877
PR00738	GLHYDRLASE20	1.00000000001363	1.36330730199656e-11	2	0	0	14	5877
PR01353	GLUCAGNFAMLY	1.00000000001363	1.36330730199656e-11	2	0	0	14	5877
PR00362	CANNABINOIDR	1.00000000001363	1.36330730199656e-11	2	0	0	14	5877
PR01692	LIPOCALINIMR	1.00000000001363	1.36330730199656e-11	2	0	0	14	5877
PR01050	PYRUVTKNASE	1.00000000001363	1.36330730199656e-11	2	0	0	14	5877
PR00443	GPROTEINAS	1.00000000001363	1.36330730199656e-11	2	0	0	14	5877
PR00963	MARCKS	1.00000000001363	1.36330730199656e-11	2	0	0	14	5877
PR00269	PTNMIDKINE	1.00000000001363	1.36330730199656e-11	2	0	0	14	5877
PR00527	GASTRINR	1.00000000001363	1.36330730199656e-11	2	0	0	14	5877
PR01891	WNT7PROTEIN	1.00000000001363	1.36330730199656e-11	2	0	0	14	5877
PR00727	LEADERPTASE	1.00000000001363	1.36330730199656e-11	2	0	0	14	5877
PR02059	JAGGEDFAMILY	1.00000000001363	1.36330730199656e-11	2	0	0	14	5877
PR00447	NATRESASSCMP	1.00000000001363	1.36330730199656e-11	2	0	0	14	5877
PR00789	OSIALOPTASE	1.00000000001363	1.36330730199656e-11	2	0	0	14	5877
PR01735	P2Y13PRNCPTR	1.00000000001363	1.36330730199656e-11	2	0	0	14	5877
PR00776	HEMOGLOBNASE	1.00000000001363	1.36330730199656e-11	2	0	0	14	5877
PR00378	LIIMPHPHTASE	1.00000000001363	1.36330730199656e-11	2	0	0	14	5877
PR00871	DNAPOLXTDT	1.00000000001363	1.36330730199656e-11	2	0	0	14	5877
PR01708	5HT3RECEPTOR	1.00000000001363	1.36330730199656e-11	2	0	0	14	5877
PR01892	WNT8PROTEIN	1.00000000001363	1.36330730199656e-11	2	0	0	14	5877
PR01533	CYSLTRECPTR	1.00000000001363	1.36330730199656e-11	2	0	0	14	5877
PR00414	PPTHIESTRASE	1.00000000001363	1.36330730199656e-11	2	0	0	14	5877
PR01164	GAMMATUBULIN	1.00000000001363	1.36330730199656e-11	2	0	0	14	5877
PR00741	GLHYDRLASE29	1.00000000001363	1.36330730199656e-11	2	0	0	14	5877
PR00105	C5METTRFRASE	1.00000000001363	1.36330730199656e-11	2	0	0	14	5877
PR01893	WNT10PROTEIN	1.00000000001363	1.36330730199656e-11	2	0	0	14	5877
PR01625	GSTRNSFRASEO	1.00000000001363	1.36330730199656e-11	2	0	0	14	5877
PR01499	TREKCHANNEL	1.00000000001363	1.36330730199656e-11	2	0	0	14	5877
PR00604	CYTCHRMECIAB	1.00000000001363	1.36330730199656e-11	2	0	0	14	5877
PR00883	NUCLEARHMG	1.00000000001363	1.36330730199656e-11	2	0	0	14	5877
PR00005	APPLEDOMAIN	1.00000000001363	1.36330730199656e-11	2	0	0	14	5877
PR00672	INHIBINBC	1.00000000001363	1.36330730199656e-11	2	0	0	14	5877
PR00218	PERIPHERNRDS	1.00000000001363	1.36330730199656e-11	2	0	0	14	5877
PR01538	INTRLEUKN1R1	1.00000000001363	1.36330730199656e-11	2	0	0	14	5877
PR01038	TRNASYNTHARG	1.00000000001363	1.36330730199656e-11	2	0	0	14	5877
PR00870	DNAPOLXBETA	1.00000000001363	1.36330730199656e-11	2	0	0	14	5877
PR00645	CXCCHMKINER4	1.00000000001363	1.36330730199656e-11	2	0	0	14	5877
PR02055	PROTEINF105	1.00000000001363	1.36330730199656e-11	2	0	0	14	5877
PR01215	A1MCGLOBULIN	1.00000000001363	1.36330730199656e-11	2	0	0	14	5877
PR00635	ANGIOTENSN1R	1.00000000001363	1.36330730199656e-11	2	0	0	14	5877
PR01121	FMOXYGENASE1	1.00000000001363	1.36330730199656e-11	2	0	0	14	5877
PR00774	GUANYLIN	1.00000000001363	1.36330730199656e-11	2	0	0	14	5877
PR02001	GCR1CAMPR	1.00000000001363	1.36330730199656e-11	2	0	0	14	5877
PR00115	F16BPHPHTASE	1.00000000001363	1.36330730199656e-11	2	0	0	14	5877
PR01279	CRFRECEPTOR	1.00000000001363	1.36330730199656e-11	2	0	0	14	5877
PR01275	NGELATINASE	1.00000000001363	1.36330730199656e-11	2	0	0	14	5877
PR00189	TRNSTHYRETIN	1.00000000001363	1.36330730199656e-11	2	0	0	14	5877
PR01207	NAKCLTRNSPRT	1.00000000001363	1.36330730199656e-11	2	0	0	14	5877
PR01546	YEAST73DUF	1.00000000001363	1.36330730199656e-11	2	0	0	14	5877
PR01843	WNT3PROTEIN	1.00000000001363	1.36330730199656e-11	2	0	0	14	5877
PR00491	VASOACTVEIPR	1.00000000001363	1.36330730199656e-11	2	0	0	14	5877
PR01861	ADAMTS8	1.00000000001363	1.36330730199656e-11	2	0	0	14	5877
PR01495	SHABCHANNEL	1.00000000001363	1.36330730199656e-11	2	0	0	14	5877
PR00986	TRNASYNTHVAL	1.00000000001363	1.36330730199656e-11	2	0	0	14	5877
PR00728	SIGNALPTASE	1.00000000001363	1.36330730199656e-11	2	0	0	14	5877
PR01643	TRPCHANNEL2	1.00000000001363	1.36330730199656e-11	2	0	0	14	5877
PR01128	EMR1HORMONER	1.00000000001363	1.36330730199656e-11	2	0	0	14	5877
PR02078	GATSLIKEFMLY	1.00000000001363	1.36330730199656e-11	2	0	0	14	5877
PR00448	NSFATTACHMNT	1.00000000001363	1.36330730199656e-11	2	0	0	14	5877
PR00817	CALCITONINB	1.00000000001363	1.36330730199656e-11	2	0	0	14	5877
PR00555	ADENOSINEA3R	1.00000000001363	1.36330730199656e-11	2	0	0	14	5877
PR00685	TIFACTORIIB	1.00000000001363	1.36330730199656e-11	2	0	0	14	5877
PR01040	TRNASYNTHTYR	1.00000000001363	1.36330730199656e-11	2	0	0	14	5877
PR01492	KV6CHANNEL	1.00000000001363	1.36330730199656e-11	2	0	0	14	5877
PR00878	CHOLNESTRASE	1.00000000001363	1.36330730199656e-11	2	0	0	14	5877
PR02051	PROTEINF175	1.00000000001363	1.36330730199656e-11	2	0	0	14	5877
PR01787	PARAOXONASE2	1.00000000001363	1.36330730199656e-11	2	0	0	14	5877
PR00110	ALPHAAMYLASE	1.00000000001363	1.36330730199656e-11	2	0	0	14	5877
PR01092	SULFNYLUREAR	1.00000000001363	1.36330730199656e-11	2	0	0	14	5877
PR00245	OLFACTORYR	1.00000000001678	1.67822670074896e-11	1108	0	0	14	5877
PR00237	GPCRRHODOPSN	1.00000000002023	2.02306912793417e-11	1403	0	0	14	5877
