TermID	Term	Enrichment	logP	Genes in Term	Target Genes in Term	Fraction of Targets in Term	Total Target Genes	Total Genes	Entrez Gene IDs	Gene Symbols
SM00784	SPT2	0.00272051899127171	-5.90693261126071	1	1	0.0384615384615385	26	9557	101685	Spty2d1
SM00259	ZnF_A20	0.0162167112557614	-4.12171300943755	6	1	0.0384615384615385	26	9557	65098	Zfand6
SM00415	HSF	0.0162167112557614	-4.12171300943755	6	1	0.0384615384615385	26	9557	15500	Hsf2
SM00132	LIM	0.0166152697407638	-4.09743314253374	73	2	0.0769230769230769	26	9557	16911,109594	Lmo4,Lmo1
SM00524	DWB	0.0215658654744331	-3.83664351639606	8	1	0.0384615384615385	26	9557	17125	Smad1
SM00154	ZnF_AN1	0.0215658654744331	-3.83664351639606	8	1	0.0384615384615385	26	9557	65098	Zfand6
SM00591	RWD	0.0268870473837806	-3.61611061823409	10	1	0.0384615384615385	26	9557	66521	Rwdd1
SM00386	HAT	0.0295371926405318	-3.52210504226064	11	1	0.0384615384615385	26	9557	216987	Utp6
SM00523	DWA	0.0321803974383151	-3.43639778701825	12	1	0.0384615384615385	26	9557	17125	Smad1
SM00569	L27	0.0348166792255085	-3.35765871893423	13	1	0.0384615384615385	26	9557	22343	Lin7c
SM00352	POU	0.0400685433689358	-3.21716370715516	15	1	0.0384615384615385	26	9557	18997	Pou4f2
SM00913	IBN_N	0.0400685433689358	-3.21716370715516	15	1	0.0384615384615385	26	9557	75751	Ipo4
SM00137	MAM	0.042684160417586	-3.1539273779745	16	1	0.0384615384615385	26	9557	71738	Mamdc2
SM00275	G_alpha	0.042684160417586	-3.1539273779745	16	1	0.0384615384615385	26	9557	14683	Gnas
SM00224	GGL	0.0452929238414127	-3.094604465286	17	1	0.0384615384615385	26	9557	66066	Gng11
SM00651	Sm	0.0504899587415026	-2.98598079927341	19	1	0.0384615384615385	26	9557	20646	Snrpn
SM00049	DEP	0.0556597855121709	-2.88849737642809	21	1	0.0384615384615385	26	9557	217944	Rapgef5
SM00361	RRM_1	0.0659183610834872	-2.71933825589437	25	1	0.0384615384615385	26	9557	22184	Zrsr2
SM00147	RasGEF	0.073541883883216	-2.60990018631425	28	1	0.0384615384615385	26	9557	217944	Rapgef5
SM00229	RasGEFN	0.073541883883216	-2.60990018631425	28	1	0.0384615384615385	26	9557	217944	Rapgef5
SM00180	EGF_Lam	0.0910981515126939	-2.39581776567188	35	1	0.0384615384615385	26	9557	226255	Atrnl1
SM00280	KAZAL	0.0935799250958175	-2.36893939397378	36	1	0.0384615384615385	26	9557	56363	Tmeff2
SM00423	PSI	0.103442017733912	-2.26874403838713	40	1	0.0384615384615385	26	9557	226255	Atrnl1
SM00192	LDLa	0.110770793207372	-2.20029213862878	43	1	0.0384615384615385	26	9557	11682	Alk
SM00356	ZnF_C3H1	0.120452935020048	-2.11649618309444	47	1	0.0384615384615385	26	9557	22184	Zrsr2
SM00042	CUB	0.127647935555927	-2.05847930811695	50	1	0.0384615384615385	26	9557	226255	Atrnl1
SM00324	RhoGAP	0.160482951941202	-1.82956756048852	64	1	0.0384615384615385	26	9557	108699	Chn1
SM00109	C1	0.160482951941202	-1.82956756048852	64	1	0.0384615384615385	26	9557	108699	Chn1
SM00033	CH	0.160482951941202	-1.82956756048852	64	1	0.0384615384615385	26	9557	12798	Cnn2
SM00082	LRRCT	0.185444907966671	-1.68499743313895	75	1	0.0384615384615385	26	9557	56839	Lgi1
SM00219	TyrKc	0.198758106733268	-1.61566673768447	81	1	0.0384615384615385	26	9557	11682	Alk
SM00252	SH2	0.241641102572573	-1.42030170084925	101	1	0.0384615384615385	26	9557	108699	Chn1
SM00034	CLECT	0.278341861676561	-1.2789052025147	119	1	0.0384615384615385	26	9557	226255	Atrnl1
SM00228	PDZ	0.330208948534461	-1.10802964751668	146	1	0.0384615384615385	26	9557	22343	Lin7c
SM00369	LRR_TYP	0.381921078570469	-0.962541292321273	175	1	0.0384615384615385	26	9557	56839	Lgi1
SM00181	EGF	0.38363393850387	-0.958066466205841	176	1	0.0384615384615385	26	9557	226255	Atrnl1
SM00326	SH3	0.416947912808373	-0.874793974317595	196	1	0.0384615384615385	26	9557	52906	Ahi1
SM00225	BTB	0.423399669444743	-0.859438700997919	200	1	0.0384615384615385	26	9557	16493	Kcna5
SM00389	HOX	0.498473487934992	-0.696204874675605	250	1	0.0384615384615385	26	9557	18997	Pou4f2
SM00320	WD40	0.506823599104061	-0.679592266694125	256	1	0.0384615384615385	26	9557	52906	Ahi1
SM00355	ZnF_C2H2	0.82042604386225	-0.197931507965685	610	1	0.0384615384615385	26	9557	22722	Zfp64
SM00037	CNX	0.999999999948271	-5.17292082913234e-11	19	0	0	26	9557
SM00848	Inhibitor_I29	0.999999999948271	-5.17292082913234e-11	19	0	0	26	9557
SM00048	DEFSN	0.999999999948271	-5.17292082913234e-11	19	0	0	26	9557
SM00131	KU	0.999999999948271	-5.17292082913234e-11	19	0	0	26	9557
SM00097	WNT1	0.999999999948271	-5.17292082913234e-11	19	0	0	26	9557
SM00191	Int_alpha	0.999999999948271	-5.17292082913234e-11	19	0	0	26	9557
SM00864	Tubulin	0.999999999948271	-5.17292082913234e-11	19	0	0	26	9557
SM00121	IB	0.999999999948271	-5.17292082913234e-11	19	0	0	26	9557
SM00367	LRR_CC	0.999999999948271	-5.17292082913234e-11	19	0	0	26	9557
SM00292	BRCT	0.999999999948271	-5.17292082913234e-11	19	0	0	26	9557
SM01047	C1_4	0.999999999953643	-4.63573732352451e-11	1	0	0	26	9557
SM01069	CDC37_C	0.999999999953643	-4.63573732352451e-11	1	0	0	26	9557
SM00817	Amelin	0.999999999953643	-4.63573732352451e-11	1	0	0	26	9557
SM01133	DeoC	0.999999999953643	-4.63573732352451e-11	1	0	0	26	9557
SM00859	Semialdhyde_dh	0.999999999953643	-4.63573732352451e-11	1	0	0	26	9557
SM01402	Ribosomal_S27	0.999999999953643	-4.63573732352451e-11	1	0	0	26	9557
SM00823	PKS_PP	0.999999999953643	-4.63573732352451e-11	1	0	0	26	9557
SM00254	ShKT	0.999999999953643	-4.63573732352451e-11	1	0	0	26	9557
SM01395	Tbf5	0.999999999953643	-4.63573732352451e-11	1	0	0	26	9557
SM01311	RPOL_N	0.999999999953643	-4.63573732352451e-11	1	0	0	26	9557
SM01379	GAGE	0.999999999953643	-4.63573732352451e-11	1	0	0	26	9557
SM00226	LMWPc	0.999999999953643	-4.63573732352451e-11	1	0	0	26	9557
SM00986	UDG	0.999999999953643	-4.63573732352451e-11	1	0	0	26	9557
SM00941	PYNP_C	0.999999999953643	-4.63573732352451e-11	1	0	0	26	9557
SM01309	RICTOR_phospho	0.999999999953643	-4.63573732352451e-11	1	0	0	26	9557
SM01377	Ribosomal_L40e	0.999999999953643	-4.63573732352451e-11	1	0	0	26	9557
SM00538	POP4	0.999999999953643	-4.63573732352451e-11	1	0	0	26	9557
SM01404	CIMR	0.999999999953643	-4.63573732352451e-11	1	0	0	26	9557
SM00470	ParB	0.999999999953643	-4.63573732352451e-11	1	0	0	26	9557
SM01152	DUF167	0.999999999953643	-4.63573732352451e-11	1	0	0	26	9557
SM00904	Flavokinase	0.999999999953643	-4.63573732352451e-11	1	0	0	26	9557
SM00998	ADSL_C	0.999999999953643	-4.63573732352451e-11	1	0	0	26	9557
SM01385	DSS1_SEM1	0.999999999953643	-4.63573732352451e-11	1	0	0	26	9557
SM00507	HNHc	0.999999999953643	-4.63573732352451e-11	1	0	0	26	9557
SM00071	Galanin	0.999999999953643	-4.63573732352451e-11	1	0	0	26	9557
SM00870	Asparaginase	0.999999999953643	-4.63573732352451e-11	1	0	0	26	9557
SM00189	IL2	0.999999999953643	-4.63573732352451e-11	1	0	0	26	9557
SM00738	NGN	0.999999999953643	-4.63573732352451e-11	1	0	0	26	9557
SM01168	DUF1907	0.999999999953643	-4.63573732352451e-11	1	0	0	26	9557
SM01032	BHD_3	0.999999999953643	-4.63573732352451e-11	1	0	0	26	9557
SM00818	Amelogenin	0.999999999953643	-4.63573732352451e-11	1	0	0	26	9557
SM01364	NPP	0.999999999953643	-4.63573732352451e-11	1	0	0	26	9557
SM00245	TSPc	0.999999999953643	-4.63573732352451e-11	1	0	0	26	9557
SM00990	VRR_NUC	0.999999999953643	-4.63573732352451e-11	1	0	0	26	9557
SM00465	GIYc	0.999999999953643	-4.63573732352451e-11	1	0	0	26	9557
SM00910	HIRAN	0.999999999953643	-4.63573732352451e-11	1	0	0	26	9557
SM01363	ACTH_domain	0.999999999953643	-4.63573732352451e-11	1	0	0	26	9557
SM01222	FTCD_N	0.999999999953643	-4.63573732352451e-11	1	0	0	26	9557
SM00019	SF_P	0.999999999953643	-4.63573732352451e-11	1	0	0	26	9557
SM01077	Cg6151-P	0.999999999953643	-4.63573732352451e-11	1	0	0	26	9557
SM01365	Op_neuropeptide	0.999999999953643	-4.63573732352451e-11	1	0	0	26	9557
SM00858	SAF	0.999999999953643	-4.63573732352451e-11	1	0	0	26	9557
SM01024	BCS1_N	0.999999999953643	-4.63573732352451e-11	1	0	0	26	9557
SM01128	DDRGK	0.999999999953643	-4.63573732352451e-11	1	0	0	26	9557
SM00874	B5	0.999999999953643	-4.63573732352451e-11	1	0	0	26	9557
SM00684	DM15	0.999999999953643	-4.63573732352451e-11	1	0	0	26	9557
SM00030	CLb	0.999999999953643	-4.63573732352451e-11	1	0	0	26	9557
SM01413	Ribosomal_S19e	0.999999999953643	-4.63573732352451e-11	1	0	0	26	9557
SM00798	AICARFT_IMPCHas	0.999999999953643	-4.63573732352451e-11	1	0	0	26	9557
SM01148	DUF1220	0.999999999953643	-4.63573732352451e-11	1	0	0	26	9557
SM00463	SMR	0.999999999953643	-4.63573732352451e-11	1	0	0	26	9557
SM00762	Cog4	0.999999999953643	-4.63573732352451e-11	1	0	0	26	9557
SM01280	Mcm10	0.999999999953643	-4.63573732352451e-11	1	0	0	26	9557
SM01253	Kin17_mid	0.999999999953643	-4.63573732352451e-11	1	0	0	26	9557
SM01386	Ribosomal_S13_N	0.999999999953643	-4.63573732352451e-11	1	0	0	26	9557
SM01071	CDC37_N	0.999999999953643	-4.63573732352451e-11	1	0	0	26	9557
SM01348	Nbs1_C	0.999999999953643	-4.63573732352451e-11	1	0	0	26	9557
SM00026	EPEND	0.999999999953643	-4.63573732352451e-11	1	0	0	26	9557
SM01405	Ribosomal_S6e	0.999999999953643	-4.63573732352451e-11	1	0	0	26	9557
SM00754	CHRD	0.999999999953643	-4.63573732352451e-11	1	0	0	26	9557
SM01285	FACT-Spt16_Nlob	0.999999999953643	-4.63573732352451e-11	1	0	0	26	9557
SM01296	N2227	0.999999999953643	-4.63573732352451e-11	1	0	0	26	9557
SM01307	RICTOR_M	0.999999999953643	-4.63573732352451e-11	1	0	0	26	9557
SM01082	CHZ	0.999999999953643	-4.63573732352451e-11	1	0	0	26	9557
SM01180	DWNN	0.999999999953643	-4.63573732352451e-11	1	0	0	26	9557
SM01223	FTO_NTD	0.999999999953643	-4.63573732352451e-11	1	0	0	26	9557
SM00743	Agenet	0.999999999953643	-4.63573732352451e-11	1	0	0	26	9557
SM01087	COG6	0.999999999953643	-4.63573732352451e-11	1	0	0	26	9557
SM01162	DUF1771	0.999999999953643	-4.63573732352451e-11	1	0	0	26	9557
SM00567	EZ_HEAT	0.999999999953643	-4.63573732352451e-11	1	0	0	26	9557
SM01350	6PGD	0.999999999953643	-4.63573732352451e-11	1	0	0	26	9557
SM01261	Thymopoietin	0.999999999953643	-4.63573732352451e-11	1	0	0	26	9557
SM00277	GRAN	0.999999999953643	-4.63573732352451e-11	1	0	0	26	9557
SM01254	KLRAQ	0.999999999953643	-4.63573732352451e-11	1	0	0	26	9557
SM01181	E2_bind	0.999999999953643	-4.63573732352451e-11	1	0	0	26	9557
SM01380	Ribosomal_L31e	0.999999999953643	-4.63573732352451e-11	1	0	0	26	9557
SM01219	Frataxin_Cyay	0.999999999953643	-4.63573732352451e-11	1	0	0	26	9557
SM01158	DUF1741	0.999999999953643	-4.63573732352451e-11	1	0	0	26	9557
SM01102	CRM1_C	0.999999999953643	-4.63573732352451e-11	1	0	0	26	9557
SM01033	BING4CT	0.999999999953643	-4.63573732352451e-11	1	0	0	26	9557
SM00654	eIF6	0.999999999953643	-4.63573732352451e-11	1	0	0	26	9557
SM01124	DBR1	0.999999999953643	-4.63573732352451e-11	1	0	0	26	9557
SM00417	H4	0.999999999953643	-4.63573732352451e-11	1	0	0	26	9557
SM01013	APC2	0.999999999953643	-4.63573732352451e-11	1	0	0	26	9557
SM01221	FTCD	0.999999999953643	-4.63573732352451e-11	1	0	0	26	9557
SM01409	RNA_pol_Rpb6	0.999999999953643	-4.63573732352451e-11	1	0	0	26	9557
SM01118	CYTH	0.999999999953643	-4.63573732352451e-11	1	0	0	26	9557
SM00929	NADH-G_4Fe-4S_3	0.999999999953643	-4.63573732352451e-11	1	0	0	26	9557
SM01183	EF1G	0.999999999953643	-4.63573732352451e-11	1	0	0	26	9557
SM01295	K167R	0.999999999953643	-4.63573732352451e-11	1	0	0	26	9557
SM01125	DCP2	0.999999999953643	-4.63573732352451e-11	1	0	0	26	9557
SM00898	Fapy_DNA_glyco	0.999999999953643	-4.63573732352451e-11	1	0	0	26	9557
SM01302	Raptor_N	0.999999999953643	-4.63573732352451e-11	1	0	0	26	9557
SM01344	NUC194	0.999999999953643	-4.63573732352451e-11	1	0	0	26	9557
SM00017	OSTEO	0.999999999953643	-4.63573732352451e-11	1	0	0	26	9557
SM00127	IL7	0.999999999953643	-4.63573732352451e-11	1	0	0	26	9557
SM01354	BLVR	0.999999999953643	-4.63573732352451e-11	1	0	0	26	9557
SM00932	Nfu_N	0.999999999953643	-4.63573732352451e-11	1	0	0	26	9557
SM01155	DUF1713	0.999999999953643	-4.63573732352451e-11	1	0	0	26	9557
SM01286	SPT16	0.999999999953643	-4.63573732352451e-11	1	0	0	26	9557
SM00928	NADH_4Fe-4S	0.999999999953643	-4.63573732352451e-11	1	0	0	26	9557
SM00826	PKS_DH	0.999999999953643	-4.63573732352451e-11	1	0	0	26	9557
SM00530	HTH_XRE	0.999999999953643	-4.63573732352451e-11	1	0	0	26	9557
SM00748	HEPN	0.999999999953643	-4.63573732352451e-11	1	0	0	26	9557
SM00703	NRF	0.999999999953643	-4.63573732352451e-11	1	0	0	26	9557
SM01306	RFX5_DNA_bdg	0.999999999953643	-4.63573732352451e-11	1	0	0	26	9557
SM01347	Mre11_DNA_bind	0.999999999953643	-4.63573732352451e-11	1	0	0	26	9557
SM01397	Ribosomal_S3Ae	0.999999999953643	-4.63573732352451e-11	1	0	0	26	9557
SM00719	Plus3	0.999999999953643	-4.63573732352451e-11	1	0	0	26	9557
SM01031	BHD_2	0.999999999953643	-4.63573732352451e-11	1	0	0	26	9557
SM00975	Telomerase_RBD	0.999999999953643	-4.63573732352451e-11	1	0	0	26	9557
SM01191	ENT	0.999999999953643	-4.63573732352451e-11	1	0	0	26	9557
SM01156	DUF1716	0.999999999953643	-4.63573732352451e-11	1	0	0	26	9557
SM00984	UDPG_MGDP_dh_C	0.999999999953643	-4.63573732352451e-11	1	0	0	26	9557
SM01378	Romo1	0.999999999953643	-4.63573732352451e-11	1	0	0	26	9557
SM01169	DUF1943	0.999999999953643	-4.63573732352451e-11	1	0	0	26	9557
SM01035	BOP1NT	0.999999999953643	-4.63573732352451e-11	1	0	0	26	9557
SM01331	DUF3635	0.999999999953643	-4.63573732352451e-11	1	0	0	26	9557
SM01264	M16C_associated	0.999999999953643	-4.63573732352451e-11	1	0	0	26	9557
SM01346	DUF3385	0.999999999953643	-4.63573732352451e-11	1	0	0	26	9557
SM01214	Fmp27_GFWDK	0.999999999953643	-4.63573732352451e-11	1	0	0	26	9557
SM01098	CPSF73-100_C	0.999999999953643	-4.63573732352451e-11	1	0	0	26	9557
SM00586	ZnF_DBF	0.999999999953643	-4.63573732352451e-11	1	0	0	26	9557
SM01335	PADR1	0.999999999953643	-4.63573732352451e-11	1	0	0	26	9557
SM01384	Ribosomal_L15e	0.999999999953643	-4.63573732352451e-11	1	0	0	26	9557
SM01001	AIRC	0.999999999953643	-4.63573732352451e-11	1	0	0	26	9557
SM01273	Mago-bind	0.999999999953643	-4.63573732352451e-11	1	0	0	26	9557
SM01278	MAPKK1_Int	0.999999999953643	-4.63573732352451e-11	1	0	0	26	9557
SM01396	BC10	0.999999999953643	-4.63573732352451e-11	1	0	0	26	9557
SM00084	NMU	0.999999999953643	-4.63573732352451e-11	1	0	0	26	9557
SM00659	RPOLCX	0.999999999953643	-4.63573732352451e-11	1	0	0	26	9557
SM01352	APCDDC	0.999999999953643	-4.63573732352451e-11	1	0	0	26	9557
SM00752	HTTM	0.999999999953643	-4.63573732352451e-11	1	0	0	26	9557
SM00946	ProRS-C_1	0.999999999953643	-4.63573732352451e-11	1	0	0	26	9557
SM01004	ALAD	0.999999999953643	-4.63573732352451e-11	1	0	0	26	9557
SM01085	CK_II_beta	0.999999999953643	-4.63573732352451e-11	1	0	0	26	9557
SM01044	Btz	0.999999999953643	-4.63573732352451e-11	1	0	0	26	9557
SM01186	eIF3_N	0.999999999953643	-4.63573732352451e-11	1	0	0	26	9557
SM00839	ELFV_dehydrog	0.999999999953643	-4.63573732352451e-11	1	0	0	26	9557
SM00203	TK	0.999999999953643	-4.63573732352451e-11	1	0	0	26	9557
SM00613	PAW	0.999999999953643	-4.63573732352451e-11	1	0	0	26	9557
SM01308	RICTOR_N	0.999999999953643	-4.63573732352451e-11	1	0	0	26	9557
SM01036	BP28CT	0.999999999953643	-4.63573732352451e-11	1	0	0	26	9557
SM01030	BHD_1	0.999999999953643	-4.63573732352451e-11	1	0	0	26	9557
SM01210	GARS_C	0.999999999953643	-4.63573732352451e-11	1	0	0	26	9557
SM00995	AD	0.999999999953643	-4.63573732352451e-11	1	0	0	26	9557
SM01204	FIST_C	0.999999999953643	-4.63573732352451e-11	1	0	0	26	9557
SM00521	CBF	0.999999999953643	-4.63573732352451e-11	1	0	0	26	9557
SM00709	Zpr1	0.999999999953643	-4.63573732352451e-11	1	0	0	26	9557
SM00023	COLIPASE	0.999999999953643	-4.63573732352451e-11	1	0	0	26	9557
SM01060	Catalase	0.999999999953643	-4.63573732352451e-11	1	0	0	26	9557
SM01120	Dak2	0.999999999953643	-4.63573732352451e-11	1	0	0	26	9557
SM00934	OMPdecase	0.999999999953643	-4.63573732352451e-11	1	0	0	26	9557
SM01406	PAPA-1	0.999999999953643	-4.63573732352451e-11	1	0	0	26	9557
SM01018	B12-binding_2	0.999999999953643	-4.63573732352451e-11	1	0	0	26	9557
SM01159	DUF1744	0.999999999953643	-4.63573732352451e-11	1	0	0	26	9557
SM01284	ECSIT_Cterm	0.999999999953643	-4.63573732352451e-11	1	0	0	26	9557
SM00802	UME	0.999999999953643	-4.63573732352451e-11	1	0	0	26	9557
SM01393	Ribosomal_L32e	0.999999999953643	-4.63573732352451e-11	1	0	0	26	9557
SM00683	DM16	0.999999999953643	-4.63573732352451e-11	1	0	0	26	9557
SM00157	PRP	0.999999999953643	-4.63573732352451e-11	1	0	0	26	9557
SM00944	Pro-kuma_activ	0.999999999953643	-4.63573732352451e-11	1	0	0	26	9557
SM01136	DKCLD	0.999999999953643	-4.63573732352451e-11	1	0	0	26	9557
SM01262	LAMTOR	0.999999999953643	-4.63573732352451e-11	1	0	0	26	9557
SM01416	Ribosomal_L19e	0.999999999953643	-4.63573732352451e-11	1	0	0	26	9557
SM00780	PIG-X	0.999999999953643	-4.63573732352451e-11	1	0	0	26	9557
SM01123	DBP10CT	0.999999999953643	-4.63573732352451e-11	1	0	0	26	9557
SM00845	GatB_Yqey	0.999999999953643	-4.63573732352451e-11	1	0	0	26	9557
SM01016	Arg_tRNA_synt_N	0.999999999953643	-4.63573732352451e-11	1	0	0	26	9557
SM00731	SprT	0.999999999953643	-4.63573732352451e-11	1	0	0	26	9557
SM00040	CSF2	0.999999999953643	-4.63573732352451e-11	1	0	0	26	9557
SM00983	TPK_B1_binding	0.999999999953643	-4.63573732352451e-11	1	0	0	26	9557
SM00658	RPOL8c	0.999999999953643	-4.63573732352451e-11	1	0	0	26	9557
SM01310	RICTOR_V	0.999999999953643	-4.63573732352451e-11	1	0	0	26	9557
SM01075	CDT1	0.999999999953643	-4.63573732352451e-11	1	0	0	26	9557
SM01173	DUF4187	0.999999999953643	-4.63573732352451e-11	1	0	0	26	9557
SM00883	Cpn10	0.999999999953643	-4.63573732352451e-11	1	0	0	26	9557
SM00067	GHA	0.999999999953643	-4.63573732352451e-11	1	0	0	26	9557
SM01414	P68HR	0.999999999953643	-4.63573732352451e-11	1	0	0	26	9557
SM00805	AGTRAP	0.999999999953643	-4.63573732352451e-11	1	0	0	26	9557
SM00318	SNc	0.999999999953643	-4.63573732352451e-11	1	0	0	26	9557
SM01220	FSA_C	0.999999999953643	-4.63573732352451e-11	1	0	0	26	9557
SM01341	Tower	0.999999999953643	-4.63573732352451e-11	1	0	0	26	9557
SM00035	CLa	0.999999999953643	-4.63573732352451e-11	1	0	0	26	9557
SM01342	TAN	0.999999999953643	-4.63573732352451e-11	1	0	0	26	9557
SM01135	DIRP	0.999999999953643	-4.63573732352451e-11	1	0	0	26	9557
SM00072	GuKc	0.999999999954085	-4.59146573186611e-11	25	0	0	26	9557
SM00333	TUDOR	0.999999999954085	-4.59146573186611e-11	25	0	0	26	9557
SM01196	FERM_C	0.999999999954085	-4.59146573186611e-11	25	0	0	26	9557
SM01015	Arfaptin	0.999999999954943	-4.50569774929151e-11	5	0	0	26	9557
SM00432	MADS	0.999999999954943	-4.50569774929151e-11	5	0	0	26	9557
SM00838	EFG_C	0.999999999954943	-4.50569774929151e-11	5	0	0	26	9557
SM01163	DUF1785	0.999999999954943	-4.50569774929151e-11	5	0	0	26	9557
SM00103	ALBUMIN	0.999999999954943	-4.50569774929151e-11	5	0	0	26	9557
SM00534	MUTSac	0.999999999954943	-4.50569774929151e-11	5	0	0	26	9557
SM01175	DUF4206	0.999999999954943	-4.50569774929151e-11	5	0	0	26	9557
SM00741	SapB	0.999999999954943	-4.50569774929151e-11	5	0	0	26	9557
SM00539	NIDO	0.999999999954943	-4.50569774929151e-11	5	0	0	26	9557
SM00733	Mterf	0.999999999954943	-4.50569774929151e-11	5	0	0	26	9557
SM00878	Biotin_carb_C	0.999999999954943	-4.50569774929151e-11	5	0	0	26	9557
SM00542	FYRC	0.999999999954943	-4.50569774929151e-11	5	0	0	26	9557
SM00602	VPS10	0.999999999954943	-4.50569774929151e-11	5	0	0	26	9557
SM00331	PP2C_SIG	0.999999999954943	-4.50569774929151e-11	5	0	0	26	9557
SM00570	AWS	0.999999999954943	-4.50569774929151e-11	5	0	0	26	9557
SM00664	DoH	0.999999999954943	-4.50569774929151e-11	5	0	0	26	9557
SM00673	CARP	0.999999999954943	-4.50569774929151e-11	5	0	0	26	9557
SM00541	FYRN	0.999999999954943	-4.50569774929151e-11	5	0	0	26	9557
SM00549	TAFH	0.999999999954943	-4.50569774929151e-11	5	0	0	26	9557
SM01041	BRO1	0.999999999954943	-4.50569774929151e-11	5	0	0	26	9557
SM00321	WSC	0.999999999954943	-4.50569774929151e-11	5	0	0	26	9557
SM00533	MUTSd	0.999999999954943	-4.50569774929151e-11	5	0	0	26	9557
SM00446	LRRcap	0.999999999954943	-4.50569774929151e-11	5	0	0	26	9557
SM00160	RanBD	0.999999999954943	-4.50569774929151e-11	5	0	0	26	9557
SM01008	Ald_Xan_dh_C	0.999999999954943	-4.50569774929151e-11	5	0	0	26	9557
SM00572	DZF	0.999999999954943	-4.50569774929151e-11	5	0	0	26	9557
SM01270	Longin	0.999999999954943	-4.50569774929151e-11	5	0	0	26	9557
SM00879	Brix	0.999999999954943	-4.50569774929151e-11	5	0	0	26	9557
SM01145	DUF1041	0.999999999954943	-4.50569774929151e-11	5	0	0	26	9557
SM00264	BAG	0.999999999954943	-4.50569774929151e-11	5	0	0	26	9557
SM00614	ZnF_BED	0.999999999954943	-4.50569774929151e-11	5	0	0	26	9557
SM01092	CO_deh_flav_C	0.999999999954943	-4.50569774929151e-11	5	0	0	26	9557
SM00266	CAD	0.999999999954943	-4.50569774929151e-11	5	0	0	26	9557
SM00739	KOW	0.999999999954943	-4.50569774929151e-11	5	0	0	26	9557
SM01201	FerB	0.999999999954943	-4.50569774929151e-11	5	0	0	26	9557
SM00089	PKD	0.999999999954943	-4.50569774929151e-11	5	0	0	26	9557
SM01408	ING	0.999999999954943	-4.50569774929151e-11	5	0	0	26	9557
SM01202	FerI	0.999999999954943	-4.50569774929151e-11	5	0	0	26	9557
SM00571	DDT	0.999999999954943	-4.50569774929151e-11	5	0	0	26	9557
SM00892	Endonuclease_NS	0.999999999954943	-4.50569774929151e-11	5	0	0	26	9557
SM00891	ERCC4	0.999999999954943	-4.50569774929151e-11	5	0	0	26	9557
SM00540	LEM	0.999999999954943	-4.50569774929151e-11	5	0	0	26	9557
SM00584	TLDc	0.999999999954943	-4.50569774929151e-11	5	0	0	26	9557
SM00872	Alpha-mann_mid	0.999999999954943	-4.50569774929151e-11	5	0	0	26	9557
SM00580	PUG	0.999999999954943	-4.50569774929151e-11	5	0	0	26	9557
SM00588	NEUZ	0.999999999954943	-4.50569774929151e-11	5	0	0	26	9557
SM00991	WHEP-TRS	0.999999999954943	-4.50569774929151e-11	5	0	0	26	9557
SM00678	WWE	0.999999999954943	-4.50569774929151e-11	5	0	0	26	9557
SM00765	MANEC	0.999999999954943	-4.50569774929151e-11	5	0	0	26	9557
SM00642	Aamy	0.999999999954943	-4.50569774929151e-11	5	0	0	26	9557
SM00425	TBOX	0.999999999957878	-4.21223062550688e-11	17	0	0	26	9557
SM00211	TY	0.999999999957878	-4.21223062550688e-11	17	0	0	26	9557
SM00061	MATH	0.999999999957878	-4.21223062550688e-11	17	0	0	26	9557
SM00247	XTALbg	0.999999999957878	-4.21223062550688e-11	17	0	0	26	9557
SM00216	VWD	0.999999999957878	-4.21223062550688e-11	17	0	0	26	9557
SM00261	FU	0.999999999957878	-4.21223062550688e-11	17	0	0	26	9557
SM00563	PlsC	0.999999999957878	-4.21223062550688e-11	17	0	0	26	9557
SM00631	Zn_pept	0.999999999957878	-4.21223062550688e-11	17	0	0	26	9557
SM01332	Cyclin_C	0.999999999957878	-4.21223062550688e-11	17	0	0	26	9557
SM00744	RINGv	0.999999999957878	-4.21223062550688e-11	17	0	0	26	9557
SM00398	HMG	0.999999999960332	-3.96684944678506e-11	50	0	0	26	9557
SM00407	IGc1	0.999999999961544	-3.84556553634838e-11	59	0	0	26	9557
SM00249	PHD	0.999999999962817	-3.71831387120026e-11	90	0	0	26	9557
SM00256	FBOX	0.999999999963397	-3.66029426663142e-11	52	0	0	26	9557
SM00134	LU	0.999999999964218	-3.57822069489246e-11	18	0	0	26	9557
SM00358	DSRM	0.999999999964218	-3.57822069489246e-11	18	0	0	26	9557
SM00847	HA2	0.999999999964218	-3.57822069489246e-11	18	0	0	26	9557
SM00865	Tubulin_C	0.999999999964218	-3.57822069489246e-11	18	0	0	26	9557
SM00148	PLCXc	0.999999999964218	-3.57822069489246e-11	18	0	0	26	9557
SM00291	ZnF_ZZ	0.999999999964218	-3.57822069489246e-11	18	0	0	26	9557
SM00593	RUN	0.999999999964218	-3.57822069489246e-11	18	0	0	26	9557
SM01057	Carb_anhydrase	0.999999999964218	-3.57822069489246e-11	18	0	0	26	9557
SM00014	acidPPc	0.999999999964218	-3.57822069489246e-11	18	0	0	26	9557
SM00308	LH2	0.999999999964218	-3.57822069489246e-11	18	0	0	26	9557
SM00918	Lig_chan-Glu_bd	0.999999999964218	-3.57822069489246e-11	18	0	0	26	9557
SM00079	PBPe	0.999999999964218	-3.57822069489246e-11	18	0	0	26	9557
SM00353	HLH	0.999999999964443	-3.55571903162991e-11	110	0	0	26	9557
SM01373	MAGE	0.999999999964558	-3.54417329352512e-11	32	0	0	26	9557
SM00385	CYCLIN	0.999999999964558	-3.54417329352512e-11	32	0	0	26	9557
SM00218	ZU5	0.999999999966598	-3.34019608380552e-11	9	0	0	26	9557
SM00393	R3H	0.999999999966598	-3.34019608380552e-11	9	0	0	26	9557
SM00636	Glyco_18	0.999999999966598	-3.34019608380552e-11	9	0	0	26	9557
SM00849	Lactamase_B	0.999999999966598	-3.34019608380552e-11	9	0	0	26	9557
SM00348	IRF	0.999999999966598	-3.34019608380552e-11	9	0	0	26	9557
SM01140	Drf_GBD	0.999999999966598	-3.34019608380552e-11	9	0	0	26	9557
SM00387	HATPase_c	0.999999999966598	-3.34019608380552e-11	9	0	0	26	9557
SM00288	VHS	0.999999999966598	-3.34019608380552e-11	9	0	0	26	9557
SM00537	DCX	0.999999999966598	-3.34019608380552e-11	9	0	0	26	9557
SM01360	A2M	0.999999999966598	-3.34019608380552e-11	9	0	0	26	9557
SM00561	MBT	0.999999999966598	-3.34019608380552e-11	9	0	0	26	9557
SM00674	CENPB	0.999999999966598	-3.34019608380552e-11	9	0	0	26	9557
SM00187	INB	0.999999999966598	-3.34019608380552e-11	9	0	0	26	9557
SM00145	PI3Ka	0.999999999966598	-3.34019608380552e-11	9	0	0	26	9557
SM01139	Drf_FH3	0.999999999966598	-3.34019608380552e-11	9	0	0	26	9557
SM00273	ENTH	0.999999999966598	-3.34019608380552e-11	9	0	0	26	9557
SM00263	LYZ1	0.999999999966598	-3.34019608380552e-11	9	0	0	26	9557
SM00096	UTG	0.999999999966598	-3.34019608380552e-11	9	0	0	26	9557
SM00545	JmjN	0.999999999966598	-3.34019608380552e-11	9	0	0	26	9557
SM01359	A2M_N_2	0.999999999966598	-3.34019608380552e-11	9	0	0	26	9557
SM00141	PDGF	0.999999999966598	-3.34019608380552e-11	9	0	0	26	9557
SM01026	Beach	0.999999999966598	-3.34019608380552e-11	9	0	0	26	9557
SM00727	STI1	0.999999999966598	-3.34019608380552e-11	9	0	0	26	9557
SM00809	Alpha_adaptinC2	0.999999999966598	-3.34019608380552e-11	9	0	0	26	9557
SM00351	PAX	0.999999999966598	-3.34019608380552e-11	9	0	0	26	9557
SM00114	CARD	0.999999999966598	-3.34019608380552e-11	9	0	0	26	9557
SM00350	MCM	0.999999999966598	-3.34019608380552e-11	9	0	0	26	9557
SM00668	CTLH	0.999999999966598	-3.34019608380552e-11	9	0	0	26	9557
SM01361	A2M_recep	0.999999999966598	-3.34019608380552e-11	9	0	0	26	9557
SM00316	S1	0.999999999966598	-3.34019608380552e-11	9	0	0	26	9557
SM00078	IlGF	0.999999999966598	-3.34019608380552e-11	9	0	0	26	9557
SM00855	PGAM	0.999999999966598	-3.34019608380552e-11	9	0	0	26	9557
SM00085	PA2c	0.999999999966598	-3.34019608380552e-11	9	0	0	26	9557
SM00150	SPEC	0.999999999966979	-3.30209880458898e-11	28	0	0	26	9557
SM00202	SR	0.999999999966979	-3.30209880458898e-11	28	0	0	26	9557
SM00414	H2A	0.999999999966979	-3.30209880458898e-11	28	0	0	26	9557
SM00349	KRAB	0.999999999967439	-3.25614373575091e-11	279	0	0	26	9557
SM00043	CY	0.999999999967822	-3.21780367844383e-11	26	0	0	26	9557
SM00268	ACTIN	0.999999999967822	-3.21780367844383e-11	26	0	0	26	9557
SM00413	ETS	0.999999999967822	-3.21780367844383e-11	26	0	0	26	9557
SM00020	Tryp_SPc	0.999999999967994	-3.20062068199411e-11	154	0	0	26	9557
SM00612	Kelch	0.999999999968172	-3.18281940267031e-11	56	0	0	26	9557
SM00185	ARM	0.999999999968922	-3.10781124456131e-11	42	0	0	26	9557
SM00312	PX	0.999999999968922	-3.10781124456131e-11	42	0	0	26	9557
SM00315	RGS	0.999999999969888	-3.01119116440674e-11	34	0	0	26	9557
SM00589	PRY	0.999999999969888	-3.01119116440674e-11	34	0	0	26	9557
SM00214	VWC	0.999999999969888	-3.01119116440674e-11	34	0	0	26	9557
SM00239	C2	0.999999999970963	-2.90366532311575e-11	122	0	0	26	9557
SM00179	EGF_CA	0.999999999970963	-2.90366532311575e-11	122	0	0	26	9557
SM00220	S_TKc	0.999999999972078	-2.79216480578451e-11	354	0	0	26	9557
SM01017	Arrestin_C	0.999999999972119	-2.78805403308957e-11	10	0	0	26	9557
SM00251	SAM_PNT	0.999999999972119	-2.78805403308957e-11	10	0	0	26	9557
SM00102	ADF	0.999999999972119	-2.78805403308957e-11	10	0	0	26	9557
SM01052	CAP_GLY	0.999999999972119	-2.78805403308957e-11	10	0	0	26	9557
SM01100	CRAL_TRIO_N	0.999999999972119	-2.78805403308957e-11	10	0	0	26	9557
SM01190	EMP24_GP25L	0.999999999972119	-2.78805403308957e-11	10	0	0	26	9557
SM00045	DAGKa	0.999999999972119	-2.78805403308957e-11	10	0	0	26	9557
SM00472	MIR	0.999999999972119	-2.78805403308957e-11	10	0	0	26	9557
SM00543	MIF4G	0.999999999972119	-2.78805403308957e-11	10	0	0	26	9557
SM00745	MIT	0.999999999972119	-2.78805403308957e-11	10	0	0	26	9557
SM00128	IPPc	0.999999999972119	-2.78805403308957e-11	10	0	0	26	9557
SM01372	E2F_TDP	0.999999999972119	-2.78805403308957e-11	10	0	0	26	9557
SM00460	TGc	0.999999999972119	-2.78805403308957e-11	10	0	0	26	9557
SM01039	BRICHOS	0.999999999972119	-2.78805403308957e-11	10	0	0	26	9557
SM00028	TPR	0.999999999972252	-2.77481261351953e-11	119	0	0	26	9557
SM01381	7TM_GPCR_Srsx	0.999999999973395	-2.66049933360392e-11	185	0	0	26	9557
SM00241	ZP	0.999999999973756	-2.62437262416474e-11	14	0	0	26	9557
SM00445	LINK	0.999999999973756	-2.62437262416474e-11	14	0	0	26	9557
SM00234	START	0.999999999973756	-2.62437262416474e-11	14	0	0	26	9557
SM00198	SCP	0.999999999973756	-2.62437262416474e-11	14	0	0	26	9557
SM00829	PKS_ER	0.999999999973756	-2.62437262416474e-11	14	0	0	26	9557
SM00294	4.1m	0.999999999973756	-2.62437262416474e-11	14	0	0	26	9557
SM00666	PB1	0.999999999973756	-2.62437262416474e-11	14	0	0	26	9557
SM00615	EPH_lbd	0.999999999973756	-2.62437262416474e-11	14	0	0	26	9557
SM00135	LY	0.999999999973756	-2.62437262416474e-11	14	0	0	26	9557
SM00046	DAGKc	0.999999999973756	-2.62437262416474e-11	14	0	0	26	9557
SM00832	C8	0.999999999973756	-2.62437262416474e-11	14	0	0	26	9557
SM00647	IBR	0.999999999973756	-2.62437262416474e-11	14	0	0	26	9557
SM00665	B561	0.999999999973764	-2.62356618602414e-11	6	0	0	26	9557
SM01241	Integrin_b_cyt	0.999999999973764	-2.62356618602414e-11	6	0	0	26	9557
SM00811	Alpha_kinase	0.999999999973764	-2.62356618602414e-11	6	0	0	26	9557
SM01198	FBA	0.999999999973764	-2.62356618602414e-11	6	0	0	26	9557
SM00915	Jacalin	0.999999999973764	-2.62356618602414e-11	6	0	0	26	9557
SM00155	PLDc	0.999999999973764	-2.62356618602414e-11	6	0	0	26	9557
SM00440	ZnF_C2C2	0.999999999973764	-2.62356618602414e-11	6	0	0	26	9557
SM00302	GED	0.999999999973764	-2.62356618602414e-11	6	0	0	26	9557
SM00648	SWAP	0.999999999973764	-2.62356618602414e-11	6	0	0	26	9557
SM00517	PolyA	0.999999999973764	-2.62356618602414e-11	6	0	0	26	9557
SM00477	NUC	0.999999999973764	-2.62356618602414e-11	6	0	0	26	9557
SM00031	DED	0.999999999973764	-2.62356618602414e-11	6	0	0	26	9557
SM01343	FATC	0.999999999973764	-2.62356618602414e-11	6	0	0	26	9557
SM00695	DUSP	0.999999999973764	-2.62356618602414e-11	6	0	0	26	9557
SM01137	DMAP_binding	0.999999999973764	-2.62356618602414e-11	6	0	0	26	9557
SM00968	SMC_hinge	0.999999999973764	-2.62356618602414e-11	6	0	0	26	9557
SM00359	PUA	0.999999999973764	-2.62356618602414e-11	6	0	0	26	9557
SM00670	PINc	0.999999999973764	-2.62356618602414e-11	6	0	0	26	9557
SM00394	RIIa	0.999999999973764	-2.62356618602414e-11	6	0	0	26	9557
SM00544	MA3	0.999999999973764	-2.62356618602414e-11	6	0	0	26	9557
SM00257	LysM	0.999999999973764	-2.62356618602414e-11	6	0	0	26	9557
SM01127	DDHD	0.999999999973764	-2.62356618602414e-11	6	0	0	26	9557
SM01329	Iso_dh	0.999999999973764	-2.62356618602414e-11	6	0	0	26	9557
SM00952	RAP	0.999999999973764	-2.62356618602414e-11	6	0	0	26	9557
SM00510	TFS2M	0.999999999973764	-2.62356618602414e-11	6	0	0	26	9557
SM00022	PLAc	0.999999999973764	-2.62356618602414e-11	6	0	0	26	9557
SM00152	THY	0.999999999973764	-2.62356618602414e-11	6	0	0	26	9557
SM00907	GDNF	0.999999999973764	-2.62356618602414e-11	6	0	0	26	9557
SM01132	DIL	0.999999999973764	-2.62356618602414e-11	6	0	0	26	9557
SM00552	ADEAMc	0.999999999973764	-2.62356618602414e-11	6	0	0	26	9557
SM00464	LON	0.999999999973764	-2.62356618602414e-11	6	0	0	26	9557
SM01114	CXC	0.999999999973764	-2.62356618602414e-11	6	0	0	26	9557
SM00921	MHC_II_beta	0.999999999973764	-2.62356618602414e-11	6	0	0	26	9557
SM00144	PI3K_rbd	0.999999999973764	-2.62356618602414e-11	6	0	0	26	9557
SM00775	LNS2	0.999999999973764	-2.62356618602414e-11	6	0	0	26	9557
SM00021	DAX	0.999999999973764	-2.62356618602414e-11	6	0	0	26	9557
SM00111	C4	0.999999999973764	-2.62356618602414e-11	6	0	0	26	9557
SM00070	GLUCA	0.999999999973764	-2.62356618602414e-11	6	0	0	26	9557
SM00592	BRK	0.999999999973764	-2.62356618602414e-11	6	0	0	26	9557
SM00863	tRNA_SAD	0.999999999973764	-2.62356618602414e-11	6	0	0	26	9557
SM00757	CRA	0.999999999973764	-2.62356618602414e-11	6	0	0	26	9557
SM00603	LCCL	0.999999999973764	-2.62356618602414e-11	6	0	0	26	9557
SM00710	PbH1	0.999999999973764	-2.62356618602414e-11	6	0	0	26	9557
SM00441	FF	0.999999999973764	-2.62356618602414e-11	6	0	0	26	9557
SM00548	IRO	0.999999999973764	-2.62356618602414e-11	6	0	0	26	9557
SM00458	RICIN	0.999999999974086	-2.59135938420731e-11	23	0	0	26	9557
SM00092	RNAse_Pc	0.999999999974086	-2.59135938420731e-11	23	0	0	26	9557
SM00208	TNFR	0.999999999974086	-2.59135938420731e-11	23	0	0	26	9557
SM00105	ArfGap	0.999999999974086	-2.59135938420731e-11	23	0	0	26	9557
SM00255	TIR	0.999999999974086	-2.59135938420731e-11	23	0	0	26	9557
SM00645	Pept_C1	0.999999999974086	-2.59135938420731e-11	23	0	0	26	9557
SM00471	HDc	0.999999999974086	-2.59135938420731e-11	23	0	0	26	9557
SM00450	RHOD	0.999999999974086	-2.59135938420731e-11	23	0	0	26	9557
SM00194	PTPc	0.999999999974091	-2.59094612815294e-11	37	0	0	26	9557
SM00322	KH	0.999999999974091	-2.59094612815294e-11	37	0	0	26	9557
SM00050	DISIN	0.999999999974091	-2.59094612815294e-11	37	0	0	26	9557
SM00164	TBC	0.999999999974091	-2.59094612815294e-11	37	0	0	26	9557
SM00406	IGv	0.999999999974565	-2.54348885665254e-11	80	0	0	26	9557
SM00129	KISc	0.999999999974596	-2.5403795280932e-11	41	0	0	26	9557
SM00297	BROMO	0.999999999974596	-2.5403795280932e-11	41	0	0	26	9557
SM00431	SCAN	0.999999999974596	-2.5403795280932e-11	41	0	0	26	9557
SM00197	SAA	0.999999999975544	-2.44562008536407e-11	4	0	0	26	9557
SM01407	NAC	0.999999999975544	-2.44562008536407e-11	4	0	0	26	9557
SM00723	AMOP	0.999999999975544	-2.44562008536407e-11	4	0	0	26	9557
SM00985	UBA_e1_C	0.999999999975544	-2.44562008536407e-11	4	0	0	26	9557
SM00307	ILWEQ	0.999999999975544	-2.44562008536407e-11	4	0	0	26	9557
SM01339	NODP	0.999999999975544	-2.44562008536407e-11	4	0	0	26	9557
SM01193	Enolase_N	0.999999999975544	-2.44562008536407e-11	4	0	0	26	9557
SM00485	XPGN	0.999999999975544	-2.44562008536407e-11	4	0	0	26	9557
SM00488	DEXDc2	0.999999999975544	-2.44562008536407e-11	4	0	0	26	9557
SM00520	BASIC	0.999999999975544	-2.44562008536407e-11	4	0	0	26	9557
SM00527	HMG17	0.999999999975544	-2.44562008536407e-11	4	0	0	26	9557
SM00206	NTR	0.999999999975544	-2.44562008536407e-11	4	0	0	26	9557
SM00094	TR_FER	0.999999999975544	-2.44562008536407e-11	4	0	0	26	9557
SM00491	HELICc2	0.999999999975544	-2.44562008536407e-11	4	0	0	26	9557
SM01027	Beta-Casp	0.999999999975544	-2.44562008536407e-11	4	0	0	26	9557
SM01277	MAGUK_N_PEST	0.999999999975544	-2.44562008536407e-11	4	0	0	26	9557
SM00560	LamGL	0.999999999975544	-2.44562008536407e-11	4	0	0	26	9557
SM01398	Cornichon	0.999999999975544	-2.44562008536407e-11	4	0	0	26	9557
SM01279	Matrilin_ccoil	0.999999999975544	-2.44562008536407e-11	4	0	0	26	9557
SM01225	G8	0.999999999975544	-2.44562008536407e-11	4	0	0	26	9557
SM01178	DUF4217	0.999999999975544	-2.44562008536407e-11	4	0	0	26	9557
SM01046	c-SKI_SMAD_bind	0.999999999975544	-2.44562008536407e-11	4	0	0	26	9557
SM00701	PGRP	0.999999999975544	-2.44562008536407e-11	4	0	0	26	9557
SM00068	GHB	0.999999999975544	-2.44562008536407e-11	4	0	0	26	9557
SM00025	Pumilio	0.999999999975544	-2.44562008536407e-11	4	0	0	26	9557
SM00573	HSA	0.999999999975544	-2.44562008536407e-11	4	0	0	26	9557
SM00693	DysFN	0.999999999975544	-2.44562008536407e-11	4	0	0	26	9557
SM00483	POLXc	0.999999999975544	-2.44562008536407e-11	4	0	0	26	9557
SM00804	TAP_C	0.999999999975544	-2.44562008536407e-11	4	0	0	26	9557
SM00279	HhH2	0.999999999975544	-2.44562008536407e-11	4	0	0	26	9557
SM01263	Leuk-A4-hydro_C	0.999999999975544	-2.44562008536407e-11	4	0	0	26	9557
SM00484	XPGI	0.999999999975544	-2.44562008536407e-11	4	0	0	26	9557
SM00426	TEA	0.999999999975544	-2.44562008536407e-11	4	0	0	26	9557
SM01392	MAGE_N	0.999999999975544	-2.44562008536407e-11	4	0	0	26	9557
SM00476	DNaseIc	0.999999999975544	-2.44562008536407e-11	4	0	0	26	9557
SM00644	Ami_2	0.999999999975544	-2.44562008536407e-11	4	0	0	26	9557
SM01340	DNA_mis_repair	0.999999999975544	-2.44562008536407e-11	4	0	0	26	9557
SM00920	MHC_II_alpha	0.999999999975544	-2.44562008536407e-11	4	0	0	26	9557
SM01020	B2-adapt-app_C	0.999999999975544	-2.44562008536407e-11	4	0	0	26	9557
SM01192	Enolase_C	0.999999999975544	-2.44562008536407e-11	4	0	0	26	9557
SM00474	35EXOc	0.999999999975544	-2.44562008536407e-11	4	0	0	26	9557
SM00058	FN1	0.999999999975544	-2.44562008536407e-11	4	0	0	26	9557
SM00694	DysFC	0.999999999975544	-2.44562008536407e-11	4	0	0	26	9557
SM00737	ML	0.999999999975544	-2.44562008536407e-11	4	0	0	26	9557
SM00554	FAS1	0.999999999975544	-2.44562008536407e-11	4	0	0	26	9557
SM01249	KASH	0.999999999975544	-2.44562008536407e-11	4	0	0	26	9557
SM00679	CTNS	0.999999999975544	-2.44562008536407e-11	4	0	0	26	9557
SM01007	Aldolase_II	0.999999999975544	-2.44562008536407e-11	4	0	0	26	9557
SM00140	NGF	0.999999999975544	-2.44562008536407e-11	4	0	0	26	9557
SM00973	Sec63	0.999999999975544	-2.44562008536407e-11	4	0	0	26	9557
SM01375	Dynein_light	0.999999999975544	-2.44562008536407e-11	4	0	0	26	9557
SM00392	PROF	0.999999999975544	-2.44562008536407e-11	4	0	0	26	9557
SM00227	NEBU	0.999999999975544	-2.44562008536407e-11	4	0	0	26	9557
SM01153	DUF1693	0.999999999975544	-2.44562008536407e-11	4	0	0	26	9557
SM00051	DSL	0.999999999975544	-2.44562008536407e-11	4	0	0	26	9557
SM00564	PQQ	0.999999999975544	-2.44562008536407e-11	4	0	0	26	9557
SM00428	H3	0.999999999975544	-2.44562008536407e-11	4	0	0	26	9557
SM00755	Grip	0.999999999975544	-2.44562008536407e-11	4	0	0	26	9557
SM00734	ZnF_Rad18	0.999999999975544	-2.44562008536407e-11	4	0	0	26	9557
SM00313	PXA	0.999999999975544	-2.44562008536407e-11	4	0	0	26	9557
SM00486	POLBc	0.999999999975544	-2.44562008536407e-11	4	0	0	26	9557
SM01338	NOD	0.999999999975544	-2.44562008536407e-11	4	0	0	26	9557
SM00098	alkPPc	0.999999999975544	-2.44562008536407e-11	4	0	0	26	9557
SM01053	CaMBD	0.999999999975544	-2.44562008536407e-11	4	0	0	26	9557
SM00889	EFG_IV	0.999999999975544	-2.44562008536407e-11	4	0	0	26	9557
SM00054	EFh	0.999999999975853	-2.41470742677113e-11	143	0	0	26	9557
SM00360	RRM	0.99999999997596	-2.40398140155506e-11	205	0	0	26	9557
SM01276	M60-like	0.999999999976223	-2.3777074330942e-11	3	0	0	26	9557
SM00919	Malic_M	0.999999999976223	-2.3777074330942e-11	3	0	0	26	9557
SM00996	AdoHcyase	0.999999999976223	-2.3777074330942e-11	3	0	0	26	9557
SM00300	ChSh	0.999999999976223	-2.3777074330942e-11	3	0	0	26	9557
SM01199	FDF	0.999999999976223	-2.3777074330942e-11	3	0	0	26	9557
SM00006	A4_EXTRA	0.999999999976223	-2.3777074330942e-11	3	0	0	26	9557
SM00311	PWI	0.999999999976223	-2.3777074330942e-11	3	0	0	26	9557
SM00706	TECPR	0.999999999976223	-2.3777074330942e-11	3	0	0	26	9557
SM00981	THUMP	0.999999999976223	-2.3777074330942e-11	3	0	0	26	9557
SM01083	Cir_N	0.999999999976223	-2.3777074330942e-11	3	0	0	26	9557
SM01051	CAMSAP_CKK	0.999999999976223	-2.3777074330942e-11	3	0	0	26	9557
SM00090	RIO	0.999999999976223	-2.3777074330942e-11	3	0	0	26	9557
SM01246	Josephin	0.999999999976223	-2.3777074330942e-11	3	0	0	26	9557
SM01065	CBM_2	0.999999999976223	-2.3777074330942e-11	3	0	0	26	9557
SM01146	DUF1086	0.999999999976223	-2.3777074330942e-11	3	0	0	26	9557
SM01200	FerA	0.999999999976223	-2.3777074330942e-11	3	0	0	26	9557
SM00773	WGR	0.999999999976223	-2.3777074330942e-11	3	0	0	26	9557
SM00594	UAS	0.999999999976223	-2.3777074330942e-11	3	0	0	26	9557
SM00650	rADc	0.999999999976223	-2.3777074330942e-11	3	0	0	26	9557
SM00704	ZnF_CDGSH	0.999999999976223	-2.3777074330942e-11	3	0	0	26	9557
SM01368	RB_A	0.999999999976223	-2.3777074330942e-11	3	0	0	26	9557
SM00278	HhH1	0.999999999976223	-2.3777074330942e-11	3	0	0	26	9557
SM00057	FIMAC	0.999999999976223	-2.3777074330942e-11	3	0	0	26	9557
SM00712	PUR	0.999999999976223	-2.3777074330942e-11	3	0	0	26	9557
SM01151	DUF1518	0.999999999976223	-2.3777074330942e-11	3	0	0	26	9557
SM01271	LSM14	0.999999999976223	-2.3777074330942e-11	3	0	0	26	9557
SM00553	SEP	0.999999999976223	-2.3777074330942e-11	3	0	0	26	9557
SM01370	TAFII55_N	0.999999999976223	-2.3777074330942e-11	3	0	0	26	9557
SM00473	PAN_AP	0.999999999976223	-2.3777074330942e-11	3	0	0	26	9557
SM01333	Tet_JBP	0.999999999976223	-2.3777074330942e-11	3	0	0	26	9557
SM01073	CDC48_N	0.999999999976223	-2.3777074330942e-11	3	0	0	26	9557
SM00272	END	0.999999999976223	-2.3777074330942e-11	3	0	0	26	9557
SM00803	TAF	0.999999999976223	-2.3777074330942e-11	3	0	0	26	9557
SM00758	PA14	0.999999999976223	-2.3777074330942e-11	3	0	0	26	9557
SM01218	FoP_duplication	0.999999999976223	-2.3777074330942e-11	3	0	0	26	9557
SM00916	L51_S25_CI-B8	0.999999999976223	-2.3777074330942e-11	3	0	0	26	9557
SM01232	H2TH	0.999999999976223	-2.3777074330942e-11	3	0	0	26	9557
SM00997	AdoHcyase_NAD	0.999999999976223	-2.3777074330942e-11	3	0	0	26	9557
SM01369	Rb_C	0.999999999976223	-2.3777074330942e-11	3	0	0	26	9557
SM00444	GYF	0.999999999976223	-2.3777074330942e-11	3	0	0	26	9557
SM00341	HRDC	0.999999999976223	-2.3777074330942e-11	3	0	0	26	9557
SM00751	BSD	0.999999999976223	-2.3777074330942e-11	3	0	0	26	9557
SM01334	DUF3454	0.999999999976223	-2.3777074330942e-11	3	0	0	26	9557
SM01367	DUF3452	0.999999999976223	-2.3777074330942e-11	3	0	0	26	9557
SM01147	DUF1087	0.999999999976223	-2.3777074330942e-11	3	0	0	26	9557
SM00676	DM10	0.999999999976223	-2.3777074330942e-11	3	0	0	26	9557
SM01274	malic	0.999999999976223	-2.3777074330942e-11	3	0	0	26	9557
SM00576	BTP	0.999999999976223	-2.3777074330942e-11	3	0	0	26	9557
SM01269	Lipid_DES	0.999999999976223	-2.3777074330942e-11	3	0	0	26	9557
SM00735	ZM	0.999999999976223	-2.3777074330942e-11	3	0	0	26	9557
SM00482	POLAc	0.999999999976223	-2.3777074330942e-11	3	0	0	26	9557
SM00363	S4	0.999999999976223	-2.3777074330942e-11	3	0	0	26	9557
SM00750	KIND	0.999999999976223	-2.3777074330942e-11	3	0	0	26	9557
SM00438	ZnF_NFX	0.999999999976223	-2.3777074330942e-11	3	0	0	26	9557
SM00963	SRP54_N	0.999999999976223	-2.3777074330942e-11	3	0	0	26	9557
SM00931	NOSIC	0.999999999976223	-2.3777074330942e-11	3	0	0	26	9557
SM00882	CoA_trans	0.999999999976223	-2.3777074330942e-11	3	0	0	26	9557
SM01257	KRAP_IP3R_bind	0.999999999976223	-2.3777074330942e-11	3	0	0	26	9557
SM00682	G2F	0.999999999976223	-2.3777074330942e-11	3	0	0	26	9557
SM01084	CKS	0.999999999976223	-2.3777074330942e-11	3	0	0	26	9557
SM01212	Fib_alpha	0.999999999976223	-2.3777074330942e-11	3	0	0	26	9557
SM00265	BH4	0.999999999976223	-2.3777074330942e-11	3	0	0	26	9557
SM01401	Sds3	0.999999999976223	-2.3777074330942e-11	3	0	0	26	9557
SM01260	LANC_like	0.999999999976223	-2.3777074330942e-11	3	0	0	26	9557
SM00478	ENDO3c	0.999999999976223	-2.3777074330942e-11	3	0	0	26	9557
SM00960	Robl_LC7	0.999999999976223	-2.3777074330942e-11	3	0	0	26	9557
SM00305	HintC	0.999999999976223	-2.3777074330942e-11	3	0	0	26	9557
SM00962	SRP54	0.999999999976223	-2.3777074330942e-11	3	0	0	26	9557
SM00113	CALCITONIN	0.999999999976223	-2.3777074330942e-11	3	0	0	26	9557
SM01176	DUF4208	0.999999999976223	-2.3777074330942e-11	3	0	0	26	9557
SM00836	DALR_1	0.999999999976223	-2.3777074330942e-11	3	0	0	26	9557
SM00143	PI3K_p85B	0.999999999976223	-2.3777074330942e-11	3	0	0	26	9557
SM01299	PIP49_N	0.999999999976223	-2.3777074330942e-11	3	0	0	26	9557
SM00851	MGS	0.999999999976223	-2.3777074330942e-11	3	0	0	26	9557
SM00672	CAP10	0.999999999976223	-2.3777074330942e-11	3	0	0	26	9557
SM00722	CASH	0.999999999976223	-2.3777074330942e-11	3	0	0	26	9557
SM00151	SWIB	0.999999999976223	-2.3777074330942e-11	3	0	0	26	9557
SM00306	HintN	0.999999999976223	-2.3777074330942e-11	3	0	0	26	9557
SM01300	PEHE	0.999999999976223	-2.3777074330942e-11	3	0	0	26	9557
SM00162	SAPA	0.999999999976223	-2.3777074330942e-11	3	0	0	26	9557
SM00663	RPOLA_N	0.999999999976223	-2.3777074330942e-11	3	0	0	26	9557
SM00736	CADG	0.999999999976223	-2.3777074330942e-11	3	0	0	26	9557
SM00536	AXH	0.999999999976223	-2.3777074330942e-11	3	0	0	26	9557
SM01403	Ribosomal_S10	0.999999999976223	-2.3777074330942e-11	3	0	0	26	9557
SM00002	PLP	0.999999999976223	-2.3777074330942e-11	3	0	0	26	9557
SM00309	PAH	0.999999999976223	-2.3777074330942e-11	3	0	0	26	9557
SM00183	NAT_PEP	0.999999999976223	-2.3777074330942e-11	3	0	0	26	9557
SM00459	Sorb	0.999999999976223	-2.3777074330942e-11	3	0	0	26	9557
SM01166	DUF1899	0.999999999976281	-2.37188288741423e-11	7	0	0	26	9557
SM00018	PD	0.999999999976281	-2.37188288741423e-11	7	0	0	26	9557
SM00692	DM3	0.999999999976281	-2.37188288741423e-11	7	0	0	26	9557
SM00468	PreSET	0.999999999976281	-2.37188288741423e-11	7	0	0	26	9557
SM00515	eIF5C	0.999999999976281	-2.37188288741423e-11	7	0	0	26	9557
SM00077	ITAM	0.999999999976281	-2.37188288741423e-11	7	0	0	26	9557
SM00964	STAT_int	0.999999999976281	-2.37188288741423e-11	7	0	0	26	9557
SM01055	Cadherin_pro	0.999999999976281	-2.37188288741423e-11	7	0	0	26	9557
SM00328	BPI1	0.999999999976281	-2.37188288741423e-11	7	0	0	26	9557
SM00582	RPR	0.999999999976281	-2.37188288741423e-11	7	0	0	26	9557
SM00509	TFS2N	0.999999999976281	-2.37188288741423e-11	7	0	0	26	9557
SM00715	LA	0.999999999976281	-2.37188288741423e-11	7	0	0	26	9557
SM00182	CULLIN	0.999999999976281	-2.37188288741423e-11	7	0	0	26	9557
SM01109	CUT	0.999999999976281	-2.37188288741423e-11	7	0	0	26	9557
SM00301	DM	0.999999999976281	-2.37188288741423e-11	7	0	0	26	9557
SM00950	Piwi	0.999999999976281	-2.37188288741423e-11	7	0	0	26	9557
SM01326	PTEN_C2	0.999999999976281	-2.37188288741423e-11	7	0	0	26	9557
SM00258	SAND	0.999999999976281	-2.37188288741423e-11	7	0	0	26	9557
SM01337	APC10	0.999999999976281	-2.37188288741423e-11	7	0	0	26	9557
SM01388	Mob1_phocein	0.999999999976281	-2.37188288741423e-11	7	0	0	26	9557
SM00467	GS	0.999999999976281	-2.37188288741423e-11	7	0	0	26	9557
SM00730	PSN	0.999999999976281	-2.37188288741423e-11	7	0	0	26	9557
SM00053	DYNc	0.999999999976281	-2.37188288741423e-11	7	0	0	26	9557
SM00004	NL	0.999999999976281	-2.37188288741423e-11	7	0	0	26	9557
SM00742	Hr1	0.999999999976281	-2.37188288741423e-11	7	0	0	26	9557
SM00243	GAS2	0.999999999976281	-2.37188288741423e-11	7	0	0	26	9557
SM00104	ANATO	0.999999999976281	-2.37188288741423e-11	7	0	0	26	9557
SM01062	Ca_chan_IQ	0.999999999976281	-2.37188288741423e-11	7	0	0	26	9557
SM00546	CUE	0.999999999976281	-2.37188288741423e-11	7	0	0	26	9557
SM00729	Elp3	0.999999999976281	-2.37188288741423e-11	7	0	0	26	9557
SM00455	RBD	0.999999999976281	-2.37188288741423e-11	7	0	0	26	9557
SM00065	GAF	0.999999999976281	-2.37188288741423e-11	7	0	0	26	9557
SM00390	GoLoco	0.999999999976281	-2.37188288741423e-11	7	0	0	26	9557
SM00396	ZnF_UBR1	0.999999999976281	-2.37188288741423e-11	7	0	0	26	9557
SM00250	PLEC	0.999999999976281	-2.37188288741423e-11	7	0	0	26	9557
SM01328	zf-3CxxC	0.999999999976281	-2.37188288741423e-11	7	0	0	26	9557
SM00671	SEL1	0.999999999976281	-2.37188288741423e-11	7	0	0	26	9557
SM00980	THAP	0.999999999976281	-2.37188288741423e-11	7	0	0	26	9557
SM01243	IRF-3	0.999999999976281	-2.37188288741423e-11	7	0	0	26	9557
SM00707	RPEL	0.999999999976281	-2.37188288741423e-11	7	0	0	26	9557
SM00101	14_3_3	0.999999999976281	-2.37188288741423e-11	7	0	0	26	9557
SM00384	AT_hook	0.999999999976281	-2.37188288741423e-11	7	0	0	26	9557
SM00201	SO	0.999999999976281	-2.37188288741423e-11	7	0	0	26	9557
SM00133	S_TK_X	0.999999999976541	-2.34587755718368e-11	45	0	0	26	9557
SM00339	FH	0.999999999976541	-2.34587755718368e-11	45	0	0	26	9557
SM00093	SERPIN	0.999999999976858	-2.31416566689297e-11	62	0	0	26	9557
SM00449	SPRY	0.999999999976896	-2.31038156611807e-11	72	0	0	26	9557
SM00404	PTPc_motif	0.999999999977305	-2.26947384801429e-11	61	0	0	26	9557
SM00100	cNMP	0.999999999977422	-2.25783409617389e-11	31	0	0	26	9557
SM00630	Sema	0.999999999977422	-2.25783409617389e-11	31	0	0	26	9557
SM00165	UBA	0.999999999977422	-2.25783409617389e-11	31	0	0	26	9557
SM00568	GRAM	0.999999999977469	-2.25306248778589e-11	15	0	0	26	9557
SM00088	PINT	0.999999999977469	-2.25306248778589e-11	15	0	0	26	9557
SM00800	uDENN	0.999999999977469	-2.25306248778589e-11	15	0	0	26	9557
SM01117	Cyt-b5	0.999999999977469	-2.25306248778589e-11	15	0	0	26	9557
SM00136	LamNT	0.999999999977469	-2.25306248778589e-11	15	0	0	26	9557
SM00721	BAR	0.999999999977469	-2.25306248778589e-11	15	0	0	26	9557
SM00502	BBC	0.999999999977469	-2.25306248778589e-11	15	0	0	26	9557
SM00501	BRIGHT	0.999999999977469	-2.25306248778589e-11	15	0	0	26	9557
SM00130	KR	0.999999999977469	-2.25306248778589e-11	15	0	0	26	9557
SM00726	UIM	0.999999999977469	-2.25306248778589e-11	15	0	0	26	9557
SM00149	PLCYc	0.999999999977469	-2.25306248778589e-11	15	0	0	26	9557
SM00498	FH2	0.999999999977469	-2.25306248778589e-11	15	0	0	26	9557
SM00217	WAP	0.999999999977469	-2.25306248778589e-11	15	0	0	26	9557
SM00295	B41	0.999999999977499	-2.25012118326856e-11	47	0	0	26	9557
SM00399	ZnF_C4	0.999999999977499	-2.25012118326856e-11	47	0	0	26	9557
SM00456	WW	0.999999999977499	-2.25012118326856e-11	47	0	0	26	9557
SM01242	Integrin_B_tail	0.999999999977676	-2.23240964789307e-11	8	0	0	26	9557
SM00153	VHP	0.999999999977676	-2.23240964789307e-11	8	0	0	26	9557
SM00237	Calx_beta	0.999999999977676	-2.23240964789307e-11	8	0	0	26	9557
SM00884	Cullin_Nedd8	0.999999999977676	-2.23240964789307e-11	8	0	0	26	9557
SM00557	IG_FLMN	0.999999999977676	-2.23240964789307e-11	8	0	0	26	9557
SM00503	SynN	0.999999999977676	-2.23240964789307e-11	8	0	0	26	9557
SM00506	A1pp	0.999999999977676	-2.23240964789307e-11	8	0	0	26	9557
SM00949	PAZ	0.999999999977676	-2.23240964789307e-11	8	0	0	26	9557
SM00142	PI3K_C2	0.999999999977676	-2.23240964789307e-11	8	0	0	26	9557
SM00746	TRASH	0.999999999977676	-2.23240964789307e-11	8	0	0	26	9557
SM00504	Ubox	0.999999999977676	-2.23240964789307e-11	8	0	0	26	9557
SM00861	Transket_pyr	0.999999999977676	-2.23240964789307e-11	8	0	0	26	9557
SM00511	ORANGE	0.999999999977676	-2.23240964789307e-11	8	0	0	26	9557
SM00166	UBX	0.999999999977676	-2.23240964789307e-11	8	0	0	26	9557
SM00200	SEA	0.999999999977676	-2.23240964789307e-11	8	0	0	26	9557
SM00357	CSP	0.999999999977676	-2.23240964789307e-11	8	0	0	26	9557
SM00139	MyTH4	0.999999999977676	-2.23240964789307e-11	8	0	0	26	9557
SM00330	PIPKc	0.999999999977676	-2.23240964789307e-11	8	0	0	26	9557
SM00577	CPDc	0.999999999977676	-2.23240964789307e-11	8	0	0	26	9557
SM00107	BTK	0.999999999977676	-2.23240964789307e-11	8	0	0	26	9557
SM00329	BPI2	0.999999999977676	-2.23240964789307e-11	8	0	0	26	9557
SM01412	Pro-rich	0.999999999977676	-2.23240964789307e-11	8	0	0	26	9557
SM00281	LamB	0.999999999977676	-2.23240964789307e-11	8	0	0	26	9557
SM00609	VIT	0.999999999977676	-2.23240964789307e-11	8	0	0	26	9557
SM00262	GEL	0.999999999977676	-2.23240964789307e-11	8	0	0	26	9557
SM00652	eIF1a	0.999999999977676	-2.23240964789307e-11	8	0	0	26	9557
SM00167	VPS9	0.999999999977676	-2.23240964789307e-11	8	0	0	26	9557
SM00948	Proteasome_A_N	0.999999999977676	-2.23240964789307e-11	8	0	0	26	9557
SM01025	BEN	0.999999999977676	-2.23240964789307e-11	8	0	0	26	9557
SM00099	btg1	0.999999999977676	-2.23240964789307e-11	8	0	0	26	9557
SM00562	NDK	0.999999999977676	-2.23240964789307e-11	8	0	0	26	9557
SM00430	HOLI	0.999999999977844	-2.21561783460636e-11	49	0	0	26	9557
SM00060	FN3	0.99999999997829	-2.1709626416098e-11	149	0	0	26	9557
SM00325	RhoGEF	0.999999999978333	-2.16673564977301e-11	65	0	0	26	9557
SM00454	SAM	0.999999999978465	-2.15348506500358e-11	82	0	0	26	9557
SM00513	SAP	0.999999999979004	-2.09955430544919e-11	22	0	0	26	9557
SM00210	TSPN	0.999999999979004	-2.09955430544919e-11	22	0	0	26	9557
SM00667	LisH	0.999999999979004	-2.09955430544919e-11	22	0	0	26	9557
SM00442	FGF	0.999999999979004	-2.09955430544919e-11	22	0	0	26	9557
SM00186	FBG	0.999999999979004	-2.09955430544919e-11	22	0	0	26	9557
SM00240	FHA	0.999999999979004	-2.09955430544919e-11	22	0	0	26	9557
SM00064	FYVE	0.999999999979736	-2.02635151526105e-11	30	0	0	26	9557
SM00298	CHROMO	0.999999999979736	-2.02635151526105e-11	30	0	0	26	9557
SM00558	JmjC	0.999999999979736	-2.02635151526105e-11	30	0	0	26	9557
SM00233	PH	0.999999999979866	-2.01336713431649e-11	253	0	0	26	9557
SM00242	MYSc	0.999999999980193	-1.98068735766105e-11	38	0	0	26	9557
SM00209	TSP1	0.999999999980466	-1.95343479897832e-11	63	0	0	26	9557
SM00408	IGc2	0.99999999998086	-1.91398814476723e-11	227	0	0	26	9557
SM00382	AAA	0.999999999981344	-1.8655793333992e-11	137	0	0	26	9557
SM01195	FA	0.999999999981403	-1.85969274444889e-11	13	0	0	26	9557
SM00284	OLF	0.999999999981403	-1.85969274444889e-11	13	0	0	26	9557
SM00059	FN2	0.999999999981403	-1.85969274444889e-11	13	0	0	26	9557
SM00323	RasGAP	0.999999999981403	-1.85969274444889e-11	13	0	0	26	9557
SM00156	PP2Ac	0.999999999981403	-1.85969274444889e-11	13	0	0	26	9557
SM00526	H15	0.999999999981403	-1.85969274444889e-11	13	0	0	26	9557
SM00427	H2B	0.999999999981403	-1.85969274444889e-11	13	0	0	26	9557
SM00457	MACPF	0.999999999981403	-1.85969274444889e-11	13	0	0	26	9557
SM00698	MORN	0.999999999981403	-1.85969274444889e-11	13	0	0	26	9557
SM01189	ELM2	0.999999999981403	-1.85969274444889e-11	13	0	0	26	9557
SM00230	CysPc	0.999999999981403	-1.85969274444889e-11	13	0	0	26	9557
SM00036	CNH	0.999999999981403	-1.85969274444889e-11	13	0	0	26	9557
SM00479	EXOIII	0.999999999981403	-1.85969274444889e-11	13	0	0	26	9557
SM00112	CA	0.999999999981499	-1.85004933045245e-11	117	0	0	26	9557
SM00293	PWWP	0.999999999981953	-1.80468824983789e-11	20	0	0	26	9557
SM00332	PP2Cc	0.999999999981953	-1.80468824983789e-11	20	0	0	26	9557
SM00547	ZnF_RBZ	0.999999999981953	-1.80468824983789e-11	20	0	0	26	9557
SM00231	FA58C	0.999999999981953	-1.80468824983789e-11	20	0	0	26	9557
SM00397	t_SNARE	0.999999999981953	-1.80468824983789e-11	20	0	0	26	9557
SM00055	FCH	0.999999999981953	-1.80468824983789e-11	20	0	0	26	9557
SM01089	Connexin_CCC	0.999999999981953	-1.80468824983789e-11	20	0	0	26	9557
SM00041	CT	0.999999999981953	-1.80468824983789e-11	20	0	0	26	9557
SM00063	FRI	0.999999999981953	-1.80468824983789e-11	20	0	0	26	9557
SM00215	VWC_out	0.999999999981953	-1.80468824983789e-11	20	0	0	26	9557
SM00443	G_patch	0.999999999981953	-1.80468824983789e-11	20	0	0	26	9557
SM00253	SOCS	0.999999999981953	-1.80468824983789e-11	20	0	0	26	9557
SM01411	Ephrin_rec_like	0.999999999982335	-1.76654397767208e-11	24	0	0	26	9557
SM00076	IFabd	0.999999999982335	-1.76654397767208e-11	24	0	0	26	9557
SM00516	SEC14	0.999999999982335	-1.76654397767208e-11	24	0	0	26	9557
SM00008	HormR	0.999999999982335	-1.76654397767208e-11	24	0	0	26	9557
SM00120	HX	0.999999999982335	-1.76654397767208e-11	24	0	0	26	9557
SM01394	S_100	0.999999999982335	-1.76654397767208e-11	24	0	0	26	9557
SM00091	PAS	0.999999999982335	-1.76654397767208e-11	24	0	0	26	9557
SM00343	ZnF_C2HC	0.999999999983526	-1.64736217637438e-11	21	0	0	26	9557
SM00044	CYCc	0.999999999983526	-1.64736217637438e-11	21	0	0	26	9557
SM01281	Med12	0.999999999983642	-1.63583422744135e-11	2	0	0	26	9557
SM01164	DUF1856	0.999999999983642	-1.63583422744135e-11	2	0	0	26	9557
SM00937	PCRF	0.999999999983642	-1.63583422744135e-11	2	0	0	26	9557
SM01374	Ribosomal_L14	0.999999999983642	-1.63583422744135e-11	2	0	0	26	9557
SM00435	TOPEUc	0.999999999983642	-1.63583422744135e-11	2	0	0	26	9557
SM01287	Rtt106	0.999999999983642	-1.63583422744135e-11	2	0	0	26	9557
SM00808	FABD	0.999999999983642	-1.63583422744135e-11	2	0	0	26	9557
SM01070	CDC37_M	0.999999999983642	-1.63583422744135e-11	2	0	0	26	9557
SM01314	SnAC	0.999999999983642	-1.63583422744135e-11	2	0	0	26	9557
SM00685	DM14	0.999999999983642	-1.63583422744135e-11	2	0	0	26	9557
SM00469	WIF	0.999999999983642	-1.63583422744135e-11	2	0	0	26	9557
SM00635	BID_2	0.999999999983642	-1.63583422744135e-11	2	0	0	26	9557
SM01268	BTD	0.999999999983642	-1.63583422744135e-11	2	0	0	26	9557
SM00193	PTN	0.999999999983642	-1.63583422744135e-11	2	0	0	26	9557
SM00466	SRA	0.999999999983642	-1.63583422744135e-11	2	0	0	26	9557
SM00550	Zalpha	0.999999999983642	-1.63583422744135e-11	2	0	0	26	9557
SM00535	RIBOc	0.999999999983642	-1.63583422744135e-11	2	0	0	26	9557
SM01383	Ribosomal_L2	0.999999999983642	-1.63583422744135e-11	2	0	0	26	9557
SM01291	N-SET	0.999999999983642	-1.63583422744135e-11	2	0	0	26	9557
SM01115	cwf21	0.999999999983642	-1.63583422744135e-11	2	0	0	26	9557
SM01399	Sybindin	0.999999999983642	-1.63583422744135e-11	2	0	0	26	9557
SM00807	AKAP_110	0.999999999983642	-1.63583422744135e-11	2	0	0	26	9557
SM01288	FISNA	0.999999999983642	-1.63583422744135e-11	2	0	0	26	9557
SM00792	Agouti	0.999999999983642	-1.63583422744135e-11	2	0	0	26	9557
SM00434	TOP4c	0.999999999983642	-1.63583422744135e-11	2	0	0	26	9557
SM01130	DHDPS	0.999999999983642	-1.63583422744135e-11	2	0	0	26	9557
SM01233	HABP4_PAI-RBP1	0.999999999983642	-1.63583422744135e-11	2	0	0	26	9557
SM00902	Fe_hyd_SSU	0.999999999983642	-1.63583422744135e-11	2	0	0	26	9557
SM00188	IL10	0.999999999983642	-1.63583422744135e-11	2	0	0	26	9557
SM00893	ETF	0.999999999983642	-1.63583422744135e-11	2	0	0	26	9557
SM00662	RPOLD	0.999999999983642	-1.63583422744135e-11	2	0	0	26	9557
SM01282	DBB	0.999999999983642	-1.63583422744135e-11	2	0	0	26	9557
SM01275	MamL-1	0.999999999983642	-1.63583422744135e-11	2	0	0	26	9557
SM01131	DHHA2	0.999999999983642	-1.63583422744135e-11	2	0	0	26	9557
SM01250	KAT11	0.999999999983642	-1.63583422744135e-11	2	0	0	26	9557
SM01410	DIM1	0.999999999983642	-1.63583422744135e-11	2	0	0	26	9557
SM01010	AMPKBI	0.999999999983642	-1.63583422744135e-11	2	0	0	26	9557
SM00657	RPOL4c	0.999999999983642	-1.63583422744135e-11	2	0	0	26	9557
SM00080	LIF_OSM	0.999999999983642	-1.63583422744135e-11	2	0	0	26	9557
SM00493	TOPRIM	0.999999999983642	-1.63583422744135e-11	2	0	0	26	9557
SM00437	TOP1Ac	0.999999999983642	-1.63583422744135e-11	2	0	0	26	9557
SM00531	TFIIE	0.999999999983642	-1.63583422744135e-11	2	0	0	26	9557
SM01022	ASCH	0.999999999983642	-1.63583422744135e-11	2	0	0	26	9557
SM01097	CPSase_sm_chain	0.999999999983642	-1.63583422744135e-11	2	0	0	26	9557
SM01122	DBC1	0.999999999983642	-1.63583422744135e-11	2	0	0	26	9557
SM00873	B3_4	0.999999999983642	-1.63583422744135e-11	2	0	0	26	9557
SM00992	YccV-like	0.999999999983642	-1.63583422744135e-11	2	0	0	26	9557
SM01313	Sec3-PIP2_bind	0.999999999983642	-1.63583422744135e-11	2	0	0	26	9557
SM00500	SFM	0.999999999983642	-1.63583422744135e-11	2	0	0	26	9557
SM01336	zf-PARP	0.999999999983642	-1.63583422744135e-11	2	0	0	26	9557
SM01011	AMP_N	0.999999999983642	-1.63583422744135e-11	2	0	0	26	9557
SM00494	ChtBD2	0.999999999983642	-1.63583422744135e-11	2	0	0	26	9557
SM00649	RL11	0.999999999983642	-1.63583422744135e-11	2	0	0	26	9557
SM01239	IKKbetaNEMObind	0.999999999983642	-1.63583422744135e-11	2	0	0	26	9557
SM01283	Costars	0.999999999983642	-1.63583422744135e-11	2	0	0	26	9557
SM01293	DUF3402	0.999999999983642	-1.63583422744135e-11	2	0	0	26	9557
SM01141	DRY_EERY	0.999999999983642	-1.63583422744135e-11	2	0	0	26	9557
SM01003	AlaDh_PNT_N	0.999999999983642	-1.63583422744135e-11	2	0	0	26	9557
SM00095	TR_THY	0.999999999983642	-1.63583422744135e-11	2	0	0	26	9557
SM00433	TOP2c	0.999999999983642	-1.63583422744135e-11	2	0	0	26	9557
SM01154	DUF1704	0.999999999983642	-1.63583422744135e-11	2	0	0	26	9557
SM01028	Beta-TrCP_D	0.999999999983642	-1.63583422744135e-11	2	0	0	26	9557
SM00825	PKS_KS	0.999999999983642	-1.63583422744135e-11	2	0	0	26	9557
SM01177	DUF4210	0.999999999983642	-1.63583422744135e-11	2	0	0	26	9557
SM00956	RQC	0.999999999983642	-1.63583422744135e-11	2	0	0	26	9557
SM00559	Ku78	0.999999999983642	-1.63583422744135e-11	2	0	0	26	9557
SM01376	eIF-5a	0.999999999983642	-1.63583422744135e-11	2	0	0	26	9557
SM00860	SMI1_KNR4	0.999999999983642	-1.63583422744135e-11	2	0	0	26	9557
SM01362	DUF663	0.999999999983642	-1.63583422744135e-11	2	0	0	26	9557
SM00785	AARP2CN	0.999999999983642	-1.63583422744135e-11	2	0	0	26	9557
SM00087	PTH	0.999999999983642	-1.63583422744135e-11	2	0	0	26	9557
SM00039	CRF	0.999999999983642	-1.63583422744135e-11	2	0	0	26	9557
SM00761	HDAC_interact	0.999999999983642	-1.63583422744135e-11	2	0	0	26	9557
SM00525	FES	0.999999999983642	-1.63583422744135e-11	2	0	0	26	9557
SM00705	THEG	0.999999999983642	-1.63583422744135e-11	2	0	0	26	9557
SM01165	DUF1866	0.999999999983642	-1.63583422744135e-11	2	0	0	26	9557
SM00852	MoCF_biosynth	0.999999999983642	-1.63583422744135e-11	2	0	0	26	9557
SM01161	DUF1767	0.999999999983642	-1.63583422744135e-11	2	0	0	26	9557
SM00888	EF1_GNE	0.999999999983642	-1.63583422744135e-11	2	0	0	26	9557
SM01179	DUF862	0.999999999983642	-1.63583422744135e-11	2	0	0	26	9557
SM01076	CG-1	0.999999999983642	-1.63583422744135e-11	2	0	0	26	9557
SM00581	PSP	0.999999999983642	-1.63583422744135e-11	2	0	0	26	9557
SM01104	CTD	0.999999999983642	-1.63583422744135e-11	2	0	0	26	9557
SM00978	Tim44	0.999999999983642	-1.63583422744135e-11	2	0	0	26	9557
SM01194	eRF1_1	0.999999999983642	-1.63583422744135e-11	2	0	0	26	9557
SM01206	Fibrillarin	0.999999999983642	-1.63583422744135e-11	2	0	0	26	9557
SM00711	TDU	0.999999999983642	-1.63583422744135e-11	2	0	0	26	9557
SM00846	Gp_dh_N	0.999999999983642	-1.63583422744135e-11	2	0	0	26	9557
SM00126	IL6	0.999999999983642	-1.63583422744135e-11	2	0	0	26	9557
SM01390	Ribosomal_S4	0.999999999983642	-1.63583422744135e-11	2	0	0	26	9557
SM01292	N1221	0.999999999983642	-1.63583422744135e-11	2	0	0	26	9557
SM00551	ZnF_TAZ	0.999999999983642	-1.63583422744135e-11	2	0	0	26	9557
SM00827	PKS_AT	0.999999999983642	-1.63583422744135e-11	2	0	0	26	9557
SM00976	Telo_bind	0.999999999983642	-1.63583422744135e-11	2	0	0	26	9557
SM00993	YL1_C	0.999999999983642	-1.63583422744135e-11	2	0	0	26	9557
SM00714	LITAF	0.999999999983642	-1.63583422744135e-11	2	0	0	26	9557
SM00967	SpoU_sub_bind	0.999999999983642	-1.63583422744135e-11	2	0	0	26	9557
SM00777	Mad3_BUB1_I	0.999999999983642	-1.63583422744135e-11	2	0	0	26	9557
SM01371	TFIIA	0.999999999983642	-1.63583422744135e-11	2	0	0	26	9557
SM01237	ICA69	0.999999999983642	-1.63583422744135e-11	2	0	0	26	9557
SM01074	Cdc6_C	0.999999999983642	-1.63583422744135e-11	2	0	0	26	9557
SM00881	CoA_binding	0.999999999983642	-1.63583422744135e-11	2	0	0	26	9557
SM01267	LAG1_DNAbind	0.999999999983642	-1.63583422744135e-11	2	0	0	26	9557
SM00732	YqgFc	0.999999999983642	-1.63583422744135e-11	2	0	0	26	9557
SM00299	CLH	0.999999999983642	-1.63583422744135e-11	2	0	0	26	9557
SM01002	AlaDh_PNT_C	0.999999999983642	-1.63583422744135e-11	2	0	0	26	9557
SM01389	Spt4	0.999999999983642	-1.63583422744135e-11	2	0	0	26	9557
SM00812	Alpha_L_fucos	0.999999999983642	-1.63583422744135e-11	2	0	0	26	9557
SM00853	MutL_C	0.999999999983642	-1.63583422744135e-11	2	0	0	26	9557
SM01387	Ribosomal_S15	0.999999999983642	-1.63583422744135e-11	2	0	0	26	9557
SM00436	TOP1Bc	0.999999999983642	-1.63583422744135e-11	2	0	0	26	9557
SM01382	Ribosomal_L2_C	0.999999999983642	-1.63583422744135e-11	2	0	0	26	9557
SM01272	LsmAD	0.999999999983642	-1.63583422744135e-11	2	0	0	26	9557
SM01072	CDC48_2	0.999999999983642	-1.63583422744135e-11	2	0	0	26	9557
SM01000	Aha1_N	0.999999999983642	-1.63583422744135e-11	2	0	0	26	9557
SM01258	KRBA1	0.999999999983642	-1.63583422744135e-11	2	0	0	26	9557
SM01086	ClpB_D2-small	0.999999999983642	-1.63583422744135e-11	2	0	0	26	9557
SM01415	DUF106	0.999999999983642	-1.63583422744135e-11	2	0	0	26	9557
SM00632	Aamy_C	0.999999999983642	-1.63583422744135e-11	2	0	0	26	9557
SM01229	GluR_Homer-bdg	0.999999999983642	-1.63583422744135e-11	2	0	0	26	9557
SM01230	Gln-synt_C	0.999999999983642	-1.63583422744135e-11	2	0	0	26	9557
SM01138	DP	0.999999999983642	-1.63583422744135e-11	2	0	0	26	9557
SM00661	RPOL9	0.999999999983642	-1.63583422744135e-11	2	0	0	26	9557
SM00190	IL4_13	0.999999999983642	-1.63583422744135e-11	2	0	0	26	9557
SM00638	LPD_N	0.999999999983642	-1.63583422744135e-11	2	0	0	26	9557
SM01174	DUF4205	0.999999999983642	-1.63583422744135e-11	2	0	0	26	9557
SM00223	APPLE	0.999999999983642	-1.63583422744135e-11	2	0	0	26	9557
SM01319	Tankyrase_bdg_C	0.999999999983642	-1.63583422744135e-11	2	0	0	26	9557
SM00653	eIF2B_5	0.999999999983642	-1.63583422744135e-11	2	0	0	26	9557
SM00951	QLQ	0.999999999983642	-1.63583422744135e-11	2	0	0	26	9557
SM01023	BAF	0.999999999983642	-1.63583422744135e-11	2	0	0	26	9557
SM00003	NH	0.999999999983642	-1.63583422744135e-11	2	0	0	26	9557
SM00788	Adenylsucc_synt	0.999999999983642	-1.63583422744135e-11	2	0	0	26	9557
SM01355	AP3B1_C	0.999999999983642	-1.63583422744135e-11	2	0	0	26	9557
SM00512	Skp1	0.999999999983642	-1.63583422744135e-11	2	0	0	26	9557
SM01142	DSHCT	0.999999999983642	-1.63583422744135e-11	2	0	0	26	9557
SM01182	EF-1_beta_acid	0.999999999983642	-1.63583422744135e-11	2	0	0	26	9557
SM01144	DTW	0.999999999983642	-1.63583422744135e-11	2	0	0	26	9557
SM00896	FDX-ACB	0.999999999983642	-1.63583422744135e-11	2	0	0	26	9557
SM00555	GIT	0.999999999983642	-1.63583422744135e-11	2	0	0	26	9557
SM00756	VKc	0.999999999983642	-1.63583422744135e-11	2	0	0	26	9557
SM01096	CPSase_L_D3	0.999999999983642	-1.63583422744135e-11	2	0	0	26	9557
SM00490	HELICc	0.999999999983698	-1.63016883817912e-11	107	0	0	26	9557
SM00248	ANK	0.999999999984726	-1.52739373424317e-11	212	0	0	26	9557
SM00336	BBOX	0.999999999984893	-1.51066370238213e-11	58	0	0	26	9557
SM00875	BACK	0.999999999984893	-1.51066370238213e-11	58	0	0	26	9557
SM00290	ZnF_UBP	0.999999999985685	-1.43154496464805e-11	12	0	0	26	9557
SM00244	PHB	0.999999999985685	-1.43154496464805e-11	12	0	0	26	9557
SM00908	Gal-bind_lectin	0.999999999985685	-1.43154496464805e-11	12	0	0	26	9557
SM00116	CBS	0.999999999985685	-1.43154496464805e-11	12	0	0	26	9557
SM00508	PostSET	0.999999999985685	-1.43154496464805e-11	12	0	0	26	9557
SM00335	ANX	0.999999999985685	-1.43154496464805e-11	12	0	0	26	9557
SM00232	JAB_MPN	0.999999999985685	-1.43154496464805e-11	12	0	0	26	9557
SM00246	WH2	0.999999999985685	-1.43154496464805e-11	12	0	0	26	9557
SM01265	Mab-21	0.999999999985685	-1.43154496464805e-11	12	0	0	26	9557
SM00310	PTBI	0.999999999985685	-1.43154496464805e-11	12	0	0	26	9557
SM00159	PTX	0.999999999985685	-1.43154496464805e-11	12	0	0	26	9557
SM00401	ZnF_GATA	0.999999999985685	-1.43154496464805e-11	12	0	0	26	9557
SM00271	DnaJ	0.999999999986871	-1.31293864005283e-11	48	0	0	26	9557
SM00032	CCP	0.999999999987599	-1.24005446621468e-11	53	0	0	26	9557
SM00013	LRRNT	0.999999999987599	-1.24005446621468e-11	53	0	0	26	9557
SM00213	UBQ	0.999999999987659	-1.23411319348689e-11	43	0	0	26	9557
SM00608	ACR	0.999999999987659	-1.23411319348689e-11	43	0	0	26	9557
SM00717	SANT	0.999999999987659	-1.23411319348689e-11	43	0	0	26	9557
SM00409	IG	0.999999999989824	-1.01760650247923e-11	377	0	0	26	9557
SM00184	RING	0.999999999991484	-8.51585210578753e-12	228	0	0	26	9557
SM00204	TGFB	0.999999999991571	-8.42874623903426e-12	35	0	0	26	9557
SM00969	SOCS_box	0.999999999991571	-8.42874623903426e-12	35	0	0	26	9557
SM00199	SCY	0.999999999991571	-8.42874623903426e-12	35	0	0	26	9557
SM00195	DSPc	0.999999999991571	-8.42874623903426e-12	35	0	0	26	9557
SM00317	SET	0.999999999991571	-8.42874623903426e-12	35	0	0	26	9557
SM00282	LamG	0.999999999992084	-7.91606622921648e-12	40	0	0	26	9557
SM00462	PTB	0.999999999992084	-7.91606622921648e-12	40	0	0	26	9557
SM01289	PYRIN	0.999999999992718	-7.28213738315467e-12	27	0	0	26	9557
SM00119	HECTc	0.999999999992718	-7.28213738315467e-12	27	0	0	26	9557
SM00429	IPT	0.999999999992718	-7.28213738315467e-12	27	0	0	26	9557
SM00005	DEATH	0.999999999992718	-7.28213738315467e-12	27	0	0	26	9557
SM00110	C1Q	0.999999999993899	-6.10091044036197e-12	29	0	0	26	9557
SM00235	ZnMc	0.999999999993899	-6.10091044036197e-12	29	0	0	26	9557
SM00314	RA	0.999999999993899	-6.10091044036197e-12	29	0	0	26	9557
SM00451	ZnF_U1	0.999999999993899	-6.10091044036197e-12	29	0	0	26	9557
SM00303	GPS	0.999999999993899	-6.10091044036197e-12	29	0	0	26	9557
SM00487	DEXDc	0.999999999993918	-6.0819438960122e-12	109	0	0	26	9557
SM00146	PI3Kc	0.99999999999534	-4.65978592103743e-12	16	0	0	26	9557
SM00207	TNF	0.99999999999534	-4.65978592103743e-12	16	0	0	26	9557
SM00069	GLA	0.99999999999534	-4.65978592103743e-12	16	0	0	26	9557
SM00086	PAC	0.99999999999534	-4.65978592103743e-12	16	0	0	26	9557
SM00724	TLC	0.99999999999534	-4.65978592103743e-12	16	0	0	26	9557
SM00643	C345C	0.99999999999534	-4.65978592103743e-12	16	0	0	26	9557
SM00285	PBD	0.99999999999534	-4.65978592103743e-12	16	0	0	26	9557
SM00222	Sec7	0.99999999999534	-4.65978592103743e-12	16	0	0	26	9557
SM00799	DENN	0.99999999999534	-4.65978592103743e-12	16	0	0	26	9557
SM00702	P4Hc	0.99999999999534	-4.65978592103743e-12	16	0	0	26	9557
SM00831	Cation_ATPase_N	0.99999999999534	-4.65978592103743e-12	16	0	0	26	9557
SM00801	dDENN	0.99999999999534	-4.65978592103743e-12	16	0	0	26	9557
SM01330	Frizzled	0.9999999999964	-3.60006719869188e-12	11	0	0	26	9557
SM00720	calpain_III	0.9999999999964	-3.60006719869188e-12	11	0	0	26	9557
SM00461	WH1	0.9999999999964	-3.60006719869188e-12	11	0	0	26	9557
SM00276	GLECT	0.9999999999964	-3.60006719869188e-12	11	0	0	26	9557
SM00439	BAH	0.9999999999964	-3.60006719869188e-12	11	0	0	26	9557
SM00038	COLFI	0.9999999999964	-3.60006719869188e-12	11	0	0	26	9557
SM00274	FOLN	0.9999999999964	-3.60006719869188e-12	11	0	0	26	9557
SM00238	BIR	0.9999999999964	-3.60006719869188e-12	11	0	0	26	9557
SM00115	CASc	0.9999999999964	-3.60006719869188e-12	11	0	0	26	9557
SM00027	EH	0.9999999999964	-3.60006719869188e-12	11	0	0	26	9557
SM00391	MBD	0.9999999999964	-3.60006719869188e-12	11	0	0	26	9557
SM00015	IQ	0.999999999996807	-3.19278777593578e-12	51	0	0	26	9557
SM00338	BRLZ	0.999999999996807	-3.19278777593578e-12	51	0	0	26	9557
SM00327	VWA	0.999999999998118	-1.88231545492546e-12	71	0	0	26	9557
SM01391	Filament	0.999999999998118	-1.88231545492546e-12	71	0	0	26	9557
